Patron
2 1 1 4 4 4 4 3 13 3 
1 2 0 1 3 9 14 3 1 4 4 4 4 3 3 3 14 14 14 10 3 0 14 13 14 14 3 
0 2 1 1 22 20 14 4 4 4 4 4 4 4 4 4 4 4 4 4 4 4 4 4 4 4 4 4 4 4 4 4 4 4 4 4 4 4 4 4 11 10 3 19 4 4 4 4 4 4 4 4 4 4 3 6 12 3 15 15 14 14 14 14 14 14 14 14 14 14 14 14 14 14 14 14 14 14 14 14 14 14 14 14 14 14 14 14 14 14 14 14 14 14 14 14 14 14 14 14 14 14 14 14 14 14 14 14 14 14 14 14 14 14 14 14 14 14 14 14 14 14 14 14 14 14 14 14 14 14 14 14 14 14 14 14 14 14 14 14 14 14 14 14 14 14 14 14 14 14 14 14 14 14 14 14 14 14 14 14 14 14 14 14 14 14 14 14 14 14 14 14 14 14 14 14 14 14 14 14 14 14 14 14 14 14 14 14 14 14 14 14 14 14 14 14 14 14 14 14 14 14 14 14 14 14 14 14 14 14 14 14 14 14 14 14 14 14 14 14 14 14 14 14 14 14 14 14 14 14 14 14 14 14 14 14 14 14 14 14 14 14 14 14 14 14 14 14 14 14 14 14 14 14 14 14 14 14 14 14 14 14 14 14 14 14 14 14 14 14 14 14 14 14 14 14 14 14 14 14 14 14 14 14 14 14 14 14 14 14 14 14 14 14 14 14 14 14 14 14 14 14 14 14 14 14 14 14 13 0 
2 0 1 1 22 20 14 4 4 4 4 4 4 4 4 4 4 4 4 4 4 4 4 4 4 4 6 12 3 23 3 8 3 3 3 3 8 13 10 11 3 3 19 3 1 1 1 1 1 1 
Patron
2 2 2 1 20 10 19 14 14 14 14 23 3 21 
0 2 1 2 2 21 1 20 10 19 25 24 14 14 14 21 1 14 14 14 21 8 3 8 12 23 
2 0 2 2 1 1 21 3 11 20 10 19 14 14 24 21 3 10 14 14 21 25 10 3 14 21 14 21 
2 2 0 2 1 1 21 20 14 14 14 14 21 10 19 3 3 14 14 14 21 14 25 3 10 3 11 14 14 14 21 14 14 14 21 14 14 14 14 3 14 14 14 14 21 14 12 3 15 14 24 14 14 24 24 24 14 14 24 24 14 14 24 14 14 14 14 14 14 14 
2 2 2 0 1 1 21 20 14 21 14 14 1 1 12 15 14 14 14 1 1 15 1 1 3 10 19 14 14 14 21 1 1 1 15 3 11 25 3 14 14 14 21 14 14 14 21 14 14 15 14 21 3 14 14 14 14 21 14 24 14 21 1 1 1 8 3 8 14 24 14 14 
2 2 0 2 1 1 21 20 10 19 25 3 3 14 21 14 14 14 14 8 1 
2 2 2 0 1 1 21 25 3 20 10 19 12 15 3 3 14 14 24 21 3 
Patron
2 0 2 1 1 21 
2 0 2 2 1 1 21 
2 0 2 2 1 1 21 
2 0 2 2 1 1 21 
2 0 2 2 1 1 21 
2 0 2 2 1 1 21 
2 0 2 2 1 1 21 
2 1 0 2 2 1 21 
2 0 2 2 1 21 1 
2 0 2 2 1 1 21 
2 0 2 1 1 2 21 
2 2 0 2 1 1 21 8 8 
2 0 2 2 1 1 21 1 1 
Patron
2 0 1 20 14 14 19 14 
2 1 2 0 1 20 14 24 14 19 
2 0 1 1 20 10 19 14 14 
2 0 1 1 20 10 19 14 14 
2 2 0 1 1 20 24 14 14 19 
2 1 2 0 1 1 20 14 14 24 19 14 
2 0 2 1 1 20 24 14 14 19 8 
2 0 1 1 3 20 10 19 14 14 
2 0 2 1 1 20 14 24 14 19 11 10 10 3 14 14 14 8 
2 0 1 2 1 20 10 11 19 14 14 3 1 3 3 14 8 3 8 3 
Patron
0 1 2 3 
0 2 1 1 3 
0 1 1 2 3 
0 1 1 2 3 
0 1 1 2 3 
0 1 1 2 3 
0 1 1 2 3 
0 1 1 2 3 
0 1 1 2 3 
0 1 1 2 3 
0 1 1 2 3 
0 1 1 2 3 
0 1 1 2 3 
0 1 1 2 3 
0 1 1 2 3 
0 1 1 2 3 
0 1 1 2 3 3 
0 1 1 2 3 
0 1 1 2 3 3 3 
0 1 2 1 3 3 
0 1 1 2 3 3 
0 1 2 1 3 
Patron
2 2 1 1 21 
2 0 2 1 2 1 21 
2 2 2 0 1 1 21 
0 2 2 1 2 1 21 
0 2 2 2 1 1 21 
0 2 2 2 1 1 21 
0 2 2 2 1 1 21 
0 2 2 2 1 1 21 
0 2 2 2 1 1 21 
0 2 2 2 1 1 21 
0 2 2 2 1 21 1 
0 2 1 2 2 1 21 8 8 
0 2 1 2 2 1 21 1 8 
2 2 2 0 1 1 21 
2 2 2 0 1 1 21 
2 2 0 2 1 1 21 
2 2 0 2 1 1 21 
2 2 0 2 1 1 21 
2 2 0 2 1 1 21 
2 2 2 0 1 1 21 
2 2 0 2 1 1 21 
2 2 0 1 1 2 21 
2 2 0 2 1 1 21 
Patron
0 1 1 14 14 14 14 14 14 14 14 14 14 14 14 14 14 14 14 14 14 14 14 14 14 0 14 14 14 14 14 14 14 14 14 14 14 14 14 14 14 14 14 14 
2 0 1 1 20 14 14 28 3 28 3 18 18 18 18 18 18 18 29 29 29 29 29 29 29 3 3 3 12 15 18 18 18 18 18 18 29 29 29 29 29 3 8 8 3 10 11 19 14 14 14 14 14 14 14 14 14 14 14 14 14 14 14 14 14 14 14 14 14 14 14 14 14 14 14 14 14 14 14 14 14 14 14 14 14 14 14 14 14 14 14 14 14 14 14 14 14 14 14 14 14 14 14 14 14 14 14 14 14 14 14 14 14 14 14 14 14 14 14 14 14 14 14 14 14 14 14 14 14 14 14 14 14 14 14 14 14 14 14 14 14 14 14 14 14 14 14 14 14 14 14 14 14 14 14 14 14 14 14 14 14 14 14 14 14 14 14 14 14 14 14 14 14 14 14 14 14 14 14 14 14 14 14 14 14 14 14 14 14 14 14 14 14 14 14 14 14 14 14 14 14 14 14 14 14 14 14 14 14 14 14 14 14 14 14 14 14 14 14 14 14 14 14 14 14 14 14 14 14 14 14 14 14 14 14 14 14 14 14 14 14 14 14 14 14 14 14 14 14 14 14 14 14 14 14 14 14 14 14 14 14 14 14 14 14 14 14 14 14 14 14 14 14 14 14 14 14 14 14 14 13 0 
0 2 1 1 11 3 20 14 14 14 14 14 14 14 14 14 14 14 14 14 14 3 3 3 3 12 15 15 3 3 3 6 1 8 3 3 8 3 0 13 10 19 14 14 14 14 14 14 14 14 14 14 14 14 14 14 14 14 14 14 14 14 28 3 28 14 14 14 14 27 27 3 14 14 
2 2 0 1 1 11 10 19 20 10 14 14 14 14 14 14 16 26 14 14 14 14 14 14 14 14 14 14 14 14 14 14 14 14 14 14 14 14 14 14 3 3 14 14 14 3 14 24 14 14 14 14 10 14 14 14 14 14 14 14 14 14 14 14 14 14 14 14 14 14 14 14 14 14 14 14 14 14 14 14 14 14 14 14 10 10 10 10 14 14 14 14 14 14 14 14 14 10 3 14 14 14 14 13 13 14 3 3 14 1 12 15 1 3 15 15 14 1 3 1 8 3 8 6 3 
0 2 1 2 1 2 21 20 14 21 14 21 21 25 3 12 15 15 3 15 10 19 3 6 3 15 10 16 3 3 26 11 3 14 14 24 21 14 21 23 13 13 15 10 10 21 21 14 21 14 14 14 21 3 14 21 14 21 3 14 14 8 3 8 13 14 14 21 14 21 10 3 21 10 3 14 6 14 14 21 14 10 14 21 14 10 10 3 
2 0 1 1 11 10 3 19 20 10 14 14 14 14 14 14 14 14 14 14 14 14 14 14 14 14 14 14 14 14 14 14 14 14 14 14 14 14 14 14 14 14 14 14 14 14 14 14 14 14 14 14 14 14 14 14 14 14 14 14 14 14 14 14 14 14 14 14 14 10 14 14 14 14 10 10 14 14 14 14 14 14 14 14 14 14 14 14 14 14 14 14 14 14 14 14 14 14 14 14 14 14 14 14 14 14 14 14 14 14 14 14 14 14 14 14 14 14 14 14 14 14 14 14 14 14 14 14 14 14 14 14 14 14 14 3 
2 0 1 2 1 11 3 3 20 14 14 12 3 15 3 15 3 1 8 3 3 8 14 10 19 3 14 3 14 14 14 14 14 14 14 14 14 14 14 14 14 14 14 14 14 14 14 14 14 14 14 14 14 14 
2 2 0 2 1 1 21 20 14 21 11 10 3 19 20 14 21 14 21 14 21 14 21 14 21 20 10 19 1 8 21 3 1 8 1 8 1 8 
2 0 2 1 1 20 14 24 14 19 14 10 11 10 1 14 14 14 1 14 14 14 14 14 14 14 14 14 14 14 14 14 14 14 14 14 14 14 14 8 3 8 14 14 3 
Patron
0 1 3 4 4 4 4 4 4 4 4 4 4 4 4 4 4 4 4 4 4 4 4 4 4 3 3 3 4 4 4 4 4 
0 1 1 2 3 3 9 14 3 3 4 4 4 4 4 4 3 4 3 3 6 3 3 0 13 0 3 3 3 3 3 4 4 4 4 4 4 4 4 4 4 4 4 4 4 4 4 4 4 4 4 
0 1 1 2 3 9 10 3 3 14 11 10 10 3 3 14 4 4 4 4 4 4 3 4 4 4 4 4 4 4 4 4 4 4 4 4 4 4 4 4 4 4 4 12 15 16 8 3 8 3 13 14 6 3 4 4 4 4 4 4 4 3 
0 1 1 2 3 3 4 4 4 4 3 4 4 9 10 3 3 8 3 8 4 4 4 3 11 10 4 4 4 4 10 3 16 3 14 12 3 3 15 4 4 4 4 4 4 4 4 4 4 4 4 4 7 3 3 13 14 10 3 
0 1 1 2 3 3 4 4 4 4 4 4 4 4 4 4 4 4 4 4 4 4 4 4 4 4 4 4 4 4 4 4 4 4 4 4 4 4 4 3 3 3 9 10 14 4 4 4 4 4 4 4 7 3 3 7 5 12 3 15 16 3 3 8 8 14 14 14 14 
0 1 1 2 9 14 3 14 8 3 13 3 8 3 3 3 12 3 3 15 3 10 10 3 3 3 14 14 14 4 4 4 4 4 4 4 4 4 4 4 4 4 4 4 4 4 4 4 4 4 4 4 4 4 4 4 3 5 7 3 7 3 14 3 4 4 4 4 4 4 4 4 3 4 4 4 4 4 4 4 3 14 14 3 14 
0 1 2 1 11 3 4 4 4 4 4 4 4 4 4 4 4 4 4 4 4 4 4 4 4 4 4 9 14 4 4 3 4 3 4 4 4 4 4 4 4 4 4 4 4 3 4 4 4 4 4 4 4 12 15 3 6 5 5 3 7 3 7 7 16 3 14 14 14 14 
0 1 2 1 8 3 8 3 3 11 3 9 14 12 15 3 16 3 3 3 7 3 7 4 4 4 4 4 4 4 4 4 4 4 4 3 4 4 4 4 4 4 4 4 4 4 4 5 3 5 3 14 3 6 3 3 4 4 4 4 4 4 4 4 4 
2 0 1 1 3 3 9 10 14 14 3 4 4 4 4 4 4 4 4 4 4 4 4 4 3 4 4 4 4 4 4 4 4 4 4 4 4 12 15 16 3 8 8 3 5 3 7 3 3 6 1 14 14 14 14 14 14 14 14 14 14 14 14 14 14 14 14 14 14 7 4 4 4 4 4 4 4 4 4 4 4 15 14 14 10 11 3 14 14 14 14 3 3 14 14 14 14 14 
0 1 1 2 3 3 3 9 10 11 10 3 4 4 4 4 3 10 14 4 4 4 4 4 4 4 4 4 4 4 4 4 4 4 4 4 4 4 4 4 4 4 4 4 4 4 4 4 4 4 4 3 3 7 4 3 7 5 3 4 4 14 14 3 3 5 3 4 4 4 4 4 4 3 14 4 4 4 4 4 3 3 3 14 13 0 1 1 1 0 0 0 4 4 4 4 3 4 4 14 14 
0 1 1 2 3 12 15 15 3 6 3 3 3 3 5 4 4 4 4 4 4 4 4 4 3 3 9 10 3 4 4 4 4 3 4 4 4 5 14 3 1 7 7 3 16 11 10 14 14 3 3 4 4 4 4 4 4 4 4 3 3 14 4 4 4 4 10 10 10 10 14 3 3 3 
0 1 1 2 3 9 10 3 3 3 4 4 4 4 4 4 4 4 4 4 4 3 4 3 6 7 7 5 3 5 3 12 3 3 15 16 3 8 3 8 3 3 10 14 3 4 4 4 4 4 4 4 4 4 4 4 4 4 4 4 4 4 4 4 11 10 10 10 10 10 10 10 
0 2 1 1 3 3 9 10 3 10 3 14 3 3 3 17 3 4 4 4 4 4 4 4 4 4 4 12 15 3 13 6 5 3 7 7 3 5 3 3 8 8 3 3 14 3 3 1 8 10 3 9 14 
0 1 2 1 3 9 10 3 3 14 3 5 3 3 3 4 4 4 4 4 4 4 4 4 4 4 4 4 4 4 4 4 4 4 4 4 4 4 4 4 4 4 4 4 4 4 4 4 4 4 4 4 4 4 4 4 4 4 4 3 7 3 
0 1 1 2 3 3 1 1 1 3 3 8 8 3 1 1 1 1 9 10 3 10 11 10 3 4 4 4 4 4 3 4 4 4 4 4 4 4 4 4 4 3 7 3 3 14 16 14 14 14 14 14 
0 1 2 1 3 4 4 4 4 3 4 4 4 3 17 7 12 3 3 15 3 3 6 9 14 3 3 1 3 3 3 3 3 3 3 3 3 11 10 1 3 1 1 13 1 3 8 8 10 14 
0 2 1 1 22 20 24 14 19 3 4 4 4 4 4 4 4 4 4 4 3 4 4 4 4 4 4 4 4 4 3 4 4 4 4 4 4 4 4 4 4 4 4 4 4 4 4 4 4 4 4 4 4 4 4 17 3 3 16 3 26 3 
0 2 1 1 3 3 14 3 9 14 1 4 4 4 4 4 4 4 4 4 4 4 4 4 4 4 4 4 4 4 4 4 4 4 4 16 3 7 3 7 5 3 5 4 4 4 3 6 3 
Patron
2 2 1 20 14 21 14 21 14 14 14 21 10 21 21 14 14 21 21 
2 0 2 2 1 1 21 3 20 10 19 14 21 21 14 21 14 14 1 1 1 1 1 1 21 21 21 14 24 21 14 14 24 21 14 14 14 14 14 21 14 14 14 21 14 14 14 21 14 14 21 14 14 14 14 14 14 14 14 14 21 14 14 14 21 14 14 14 14 21 14 14 14 14 14 14 14 14 21 14 21 14 14 14 14 21 14 14 14 14 14 14 14 14 14 14 21 14 14 14 21 14 14 14 21 14 14 14 14 14 14 14 14 14 21 14 14 14 21 14 14 14 21 14 14 14 14 14 14 14 14 14 21 14 14 14 21 14 14 14 21 14 13 13 13 21 10 14 14 14 21 14 14 14 10 
2 0 2 2 1 1 21 20 14 21 14 25 3 3 10 19 13 13 14 21 14 10 14 14 21 14 14 14 21 11 3 10 3 1 21 21 21 21 24 21 24 21 21 21 21 21 21 21 21 
2 2 0 2 1 1 21 1 3 20 21 14 14 3 8 8 3 3 14 14 21 1 1 14 21 14 24 21 19 16 3 26 25 10 11 10 10 10 14 14 21 10 14 14 14 14 21 21 
1 2 2 0 2 1 21 20 14 21 21 21 21 21 21 21 21 21 21 21 14 21 25 3 10 11 3 19 8 3 8 14 14 24 21 14 13 13 13 16 26 14 14 14 21 10 10 10 10 21 
2 0 2 2 1 1 21 8 3 8 20 14 21 14 12 15 3 6 14 14 21 11 25 10 3 19 
1 2 2 2 0 1 21 20 10 19 3 6 12 15 25 10 24 14 14 21 8 
2 0 2 2 1 21 1 3 6 20 14 21 10 19 3 10 11 3 3 16 26 13 13 8 8 3 12 15 14 14 14 25 3 0 1 1 21 14 24 10 10 14 
2 0 2 2 1 1 21 8 3 8 3 3 11 3 20 14 21 3 14 21 12 15 15 16 3 26 21 10 19 25 21 10 3 3 13 0 13 13 1 1 21 10 10 10 
2 2 2 0 1 1 21 3 20 14 21 10 1 19 10 1 14 21 14 24 3 3 11 10 13 13 1 1 10 10 1 12 23 
2 2 0 2 1 21 1 3 20 14 21 10 19 12 15 3 25 10 11 3 14 14 14 21 24 3 10 14 14 13 13 13 3 10 
0 2 2 1 2 21 1 20 14 21 14 24 19 3 
2 2 0 2 1 1 21 20 14 21 20 10 19 12 15 21 11 3 3 11 3 10 25 3 19 20 10 19 20 14 14 21 24 19 24 20 21 14 14 19 
2 2 0 2 1 1 21 20 14 21 21 21 21 14 21 21 21 21 21 21 21 21 21 21 21 21 21 21 21 21 21 21 21 21 21 21 21 21 21 21 21 21 21 21 21 21 21 21 21 21 21 21 21 21 10 11 19 25 14 24 14 24 14 
2 2 2 1 0 1 21 20 21 14 25 10 19 11 3 21 14 10 14 21 14 10 10 10 10 10 10 10 10 10 3 14 14 21 14 14 12 15 3 15 1 1 24 21 21 21 24 21 21 24 24 14 14 14 14 21 16 3 26 3 3 15 21 15 15 14 14 14 6 3 
2 0 2 2 1 1 21 20 14 21 14 21 3 14 3 14 14 10 19 10 10 10 10 14 21 21 14 14 3 10 10 10 3 10 14 14 14 21 21 14 14 14 14 3 14 3 21 14 3 6 13 13 13 3 14 14 12 15 15 14 16 26 1 1 1 14 10 14 14 14 14 14 14 14 14 21 21 14 21 14 21 14 
0 2 2 1 1 2 21 20 14 21 14 14 3 14 24 19 14 1 14 24 14 1 1 14 14 14 14 14 21 1 1 8 3 8 12 15 14 
2 2 0 2 1 1 21 20 14 21 14 21 14 21 8 3 1 8 1 3 10 19 14 21 14 14 12 15 
Patron
0 1 3 3 3 3 3 3 3 3 3 14 3 3 3 3 
0 1 1 2 3 3 8 8 11 3 7 3 3 3 6 3 16 3 3 9 10 3 3 14 14 14 3 14 3 
0 1 2 1 3 9 10 3 10 14 3 3 1 3 3 3 12 3 3 3 3 16 3 11 10 3 3 3 
0 1 1 2 3 7 3 7 12 3 15 9 14 3 3 3 5 3 3 14 14 11 10 3 6 14 14 5 3 10 3 14 14 14 14 14 16 3 13 14 3 
0 1 1 2 11 3 3 3 6 8 8 10 3 3 9 3 10 3 14 3 12 3 15 5 3 3 5 7 3 7 14 3 14 14 14 
0 1 1 2 3 3 3 6 14 9 3 3 3 14 10 11 3 3 3 3 3 3 
0 1 1 2 3 3 9 3 10 3 3 10 8 8 14 17 3 14 14 14 14 3 11 10 3 
0 1 1 2 3 3 3 9 10 3 3 7 7 14 8 3 8 3 
0 1 1 2 3 17 3 3 9 10 3 3 5 3 5 14 14 17 3 7 3 8 3 
0 1 1 2 11 10 3 9 3 14 12 3 15 3 3 3 1 3 1 1 3 1 3 6 3 10 1 1 1 1 1 3 1 3 1 1 1 1 
0 2 1 1 3 4 4 4 4 3 9 14 3 12 15 3 3 3 14 10 14 3 3 3 3 3 3 3 14 3 11 10 3 3 
0 1 1 2 3 3 3 9 10 14 3 12 3 15 3 3 3 11 10 14 1 3 3 3 
0 1 2 1 9 10 3 3 11 14 14 14 3 12 3 15 3 8 3 8 3 10 10 10 3 
0 1 2 1 3 11 10 3 3 17 5 3 5 7 3 7 8 3 8 12 16 3 15 6 3 3 9 10 3 
0 1 1 2 9 3 10 3 14 3 11 10 1 1 1 1 1 1 3 5 7 3 7 5 3 12 15 3 3 3 
Patron
2 0 1 1 21 8 3 
2 0 2 2 1 1 21 3 
2 0 2 2 1 1 21 8 3 
2 0 2 2 1 1 21 3 8 3 8 
2 0 2 2 1 1 21 1 1 3 3 3 
2 2 0 2 1 1 21 8 3 8 12 23 
2 0 2 1 1 1 1 8 3 8 1 1 1 
2 0 1 1 8 3 8 1 1 1 1 1 1 
2 2 2 0 1 1 21 1 8 3 8 3 
2 0 1 1 8 3 
2 0 2 2 1 1 21 8 3 
2 0 2 1 1 21 2 3 8 8 3 
2 2 0 2 1 1 21 3 3 8 0 
2 2 0 2 1 1 21 8 8 3 25 10 19 11 3 1 16 3 26 0 1 1 
2 2 0 2 1 1 21 20 14 21 14 10 19 25 3 14 14 11 10 16 3 26 
Patron
1 22 20 4 4 4 4 4 3 4 4 4 4 7 
2 0 1 1 22 20 14 14 14 14 10 4 4 4 4 4 4 4 4 4 4 4 4 4 13 4 4 4 4 4 4 4 4 4 4 4 4 4 3 4 10 19 14 4 1 1 7 3 7 4 4 4 3 3 8 3 8 5 3 4 4 4 
0 2 1 1 1 22 20 14 4 4 4 3 4 4 4 4 4 4 4 4 14 14 14 5 5 7 3 7 14 14 10 10 19 
2 0 1 1 11 3 22 20 14 14 3 14 14 14 5 3 14 14 4 4 4 4 4 4 4 3 4 4 4 4 12 15 14 
2 0 1 1 4 3 4 4 4 4 4 4 11 3 22 3 20 14 12 15 7 3 7 5 3 5 15 3 4 4 4 4 4 
0 2 1 1 11 22 20 14 1 12 15 4 4 4 4 4 3 4 4 3 3 7 7 5 3 5 
2 0 1 1 7 3 7 11 10 3 19 10 22 3 20 14 3 3 3 3 3 3 4 4 4 4 4 4 4 1 3 5 5 
0 1 2 1 22 20 10 19 11 3 3 8 8 3 14 4 4 4 4 4 3 
0 2 1 1 11 22 20 14 3 4 4 4 3 4 4 4 4 4 4 4 4 
2 1 0 1 11 3 22 20 14 4 4 4 4 4 4 4 4 4 4 4 4 4 4 4 
0 2 1 1 22 20 10 19 10 11 10 3 4 4 4 3 4 4 14 3 17 8 8 3 
Patron
0 2 1 3 8 3 8 
2 1 2 0 2 1 21 8 3 8 3 
0 1 2 1 3 3 3 3 8 3 8 
0 1 2 1 3 3 8 3 8 
2 0 1 2 1 8 3 8 3 
2 0 2 1 1 8 3 
3 8 8 0 0 2 0 1 1 3 16 26 3 0 8 8 
0 2 2 2 1 1 21 8 3 8 16 3 3 26 
0 2 1 1 8 3 8 
0 1 2 1 3 8 3 3 1 
0 2 2 2 1 1 21 8 3 8 
0 1 2 1 3 8 3 
2 2 1 0 2 1 21 8 3 8 
0 1 2 1 3 3 8 8 3 
2 0 2 1 1 8 3 8 
0 2 2 1 1 3 8 3 1 
0 2 2 1 1 1 8 3 8 
0 2 2 2 1 1 21 8 3 
2 1 0 2 2 1 21 0 8 3 
0 2 2 1 1 21 2 12 23 1 3 8 
2 0 2 1 1 11 20 14 14 14 12 15 3 3 6 3 3 3 16 3 26 13 13 8 3 1 
2 0 2 1 1 11 3 3 6 16 3 26 8 3 8 20 24 14 14 14 14 14 14 14 14 14 14 
Patron
0 2 1 1 3 3 
0 1 2 1 3 3 
0 2 2 1 1 3 
0 1 2 1 3 3 
0 2 2 1 1 3 
0 2 1 1 3 1 1 
0 1 2 1 3 1 1 3 1 1 1 1 3 8 3 
0 2 2 2 1 1 21 8 8 3 1 1 1 1 1 1 1 1 1 1 1 1 1 1 1 1 1 1 1 1 1 1 1 1 1 1 1 2 0 2 2 1 1 1 1 1 1 1 1 1 1 
0 2 1 1 3 3 3 
0 2 1 1 3 3 3 0 1 2 1 12 15 3 6 6 3 3 3 
2 0 2 1 1 12 3 15 
2 0 2 2 1 1 21 1 20 14 21 3 6 6 8 3 10 19 1 1 1 1 1 13 
2 0 2 1 1 3 6 20 14 14 10 14 19 14 24 14 8 8 
Patron
0 1 1 20 14 14 
2 0 1 1 22 20 14 14 14 
1 1 0 2 2 1 1 20 14 14 
0 2 1 1 3 11 20 14 14 
2 0 1 1 10 11 3 19 3 10 20 14 14 
0 2 1 1 11 3 10 19 22 20 10 
0 1 2 1 2 20 20 14 10 14 19 
2 0 1 1 20 10 19 14 14 29 29 29 29 29 29 29 29 29 29 29 29 29 29 29 
Patron
0 1 1 14 14 18 18 18 18 18 3 3 3 
2 0 1 1 11 10 3 19 3 28 28 20 10 10 24 14 14 24 14 14 14 14 3 3 3 27 3 27 18 18 18 3 18 18 18 18 18 18 18 18 18 18 18 18 18 18 18 18 18 18 18 18 18 18 18 18 18 18 18 18 3 18 29 29 3 3 
2 0 1 1 20 10 19 11 3 14 14 18 18 18 18 18 29 29 29 29 18 18 18 18 18 29 29 12 15 27 3 3 28 3 28 27 
2 0 1 1 20 10 10 19 3 14 14 18 18 18 18 18 18 18 18 14 14 14 14 3 31 3 30 3 6 30 3 3 
2 0 1 1 20 14 14 18 18 18 18 18 18 18 18 18 18 18 18 28 3 28 27 3 27 1 
0 2 2 1 1 20 14 14 10 19 14 14 3 1 8 3 8 3 14 14 11 10 3 13 13 14 
0 1 1 2 11 3 20 14 14 14 8 1 1 1 8 14 24 14 19 1 3 12 15 13 
0 1 1 2 3 11 3 1 3 9 14 3 3 3 14 8 3 8 13 3 3 
0 1 2 1 3 9 14 3 10 11 3 8 8 3 10 3 1 1 13 3 3 3 
2 0 1 1 20 10 19 24 14 14 3 3 3 18 18 18 18 3 18 18 18 18 29 29 29 29 29 29 29 29 29 3 27 3 27 28 3 28 3 3 3 1 3 31 14 14 14 14 14 31 30 3 3 3 3 3 16 3 26 3 30 31 3 3 3 3 3 8 3 8 12 23 15 15 
2 0 1 1 11 20 14 14 18 18 18 12 15 6 27 3 13 10 19 14 24 14 10 3 3 14 14 15 18 18 18 18 18 28 3 15 3 3 3 
0 2 1 1 28 3 28 20 10 19 11 3 14 14 27 3 27 29 29 29 29 29 29 29 3 29 29 18 18 18 18 18 18 18 1 18 12 15 18 18 18 18 29 29 29 29 29 29 29 29 29 29 29 16 26 29 3 8 1 
0 2 1 1 11 3 28 3 27 3 12 15 20 14 14 13 16 3 26 10 19 27 29 29 29 29 29 29 29 29 29 29 29 29 29 29 28 14 14 3 31 29 29 29 29 29 29 29 29 29 29 29 29 29 29 29 29 29 29 29 29 29 29 29 29 29 3 18 18 18 18 18 18 18 18 18 18 18 18 18 18 10 14 14 18 8 3 8 14 14 3 30 
Patron
0 1 1 3 3 3 8 14 14 3 15 
2 2 0 1 1 6 20 11 8 3 8 3 14 14 3 
0 1 2 1 3 9 10 3 3 3 14 3 11 10 14 12 3 15 3 3 6 6 3 3 1 3 8 8 
0 1 1 2 3 3 8 8 9 10 10 3 14 3 3 11 10 3 3 3 3 12 15 6 3 3 14 3 14 3 
1 1 1 1 1 1 13 0 13 1 1 14 1 8 3 1 1 1 1 1 
0 2 2 1 1 3 20 14 14 13 1 1 3 8 3 1 1 
2 2 0 1 1 20 14 14 11 3 14 14 14 8 3 8 
0 2 1 1 3 11 8 3 8 20 14 14 3 28 3 28 27 3 27 
0 2 2 1 1 11 3 3 20 14 14 14 12 3 15 15 15 15 15 15 23 8 3 8 6 
18 18 1 1 0 13 1 1 1 1 1 1 12 3 23 1 8 3 1 1 1 1 8 11 3 20 14 14 3 6 15 6 1 1 1 1 1 1 1 1 1 
2 0 2 1 1 11 3 8 3 8 12 3 15 
0 1 1 2 3 3 3 8 3 8 12 3 15 
0 1 1 2 3 3 3 3 11 9 3 14 3 12 3 15 3 3 3 8 8 3 16 
0 1 1 2 3 3 9 10 3 3 14 12 3 3 15 3 3 3 8 8 
2 0 1 1 11 3 22 20 14 3 7 3 3 7 5 5 12 3 15 8 3 
0 1 2 1 9 14 3 7 3 7 5 3 5 12 3 15 15 16 3 3 6 11 10 3 8 3 
0 1 1 2 3 16 3 3 3 7 3 9 14 14 3 7 3 14 5 3 5 17 12 3 15 17 3 1 3 13 
Patron
1 1 2 3 3 7 3 16 3 
0 1 1 2 3 3 1 8 3 8 7 12 3 16 3 
1 0 1 2 3 8 3 8 3 3 1 3 7 3 3 3 1 1 1 1 
0 1 1 2 3 8 8 3 9 10 3 3 3 3 3 11 10 7 3 7 5 5 3 
1 1 0 2 3 9 10 3 3 10 3 3 3 11 14 7 3 7 5 8 3 8 10 10 10 3 
0 1 1 2 3 4 4 4 5 7 9 10 3 11 3 3 7 7 5 5 4 4 4 4 14 14 3 3 
1 1 2 0 11 3 3 3 9 14 7 3 3 7 5 3 4 4 4 4 4 4 4 14 14 
Patron
2 2 1 20 10 26 3 3 16 3 3 
2 2 2 0 21 1 1 8 8 3 6 3 3 3 20 10 19 3 3 16 3 26 3 
0 1 2 2 2 1 21 20 14 21 3 11 10 3 19 8 8 3 16 3 26 13 
0 2 2 2 1 1 21 20 14 21 14 10 19 14 21 14 24 3 10 14 21 3 10 10 16 26 
2 0 2 2 1 1 21 8 3 8 3 16 3 26 25 3 3 20 14 21 24 14 19 14 10 
2 2 0 2 1 1 21 20 14 21 14 14 14 14 10 19 8 3 8 21 21 21 3 10 10 10 10 14 14 21 14 14 21 21 14 3 14 10 10 10 10 21 3 21 24 10 13 13 21 16 3 26 14 3 14 
2 0 2 1 1 20 14 14 12 15 3 1 1 10 19 16 26 3 3 24 14 14 14 14 14 14 14 14 14 14 14 10 14 10 14 10 10 14 14 1 1 1 1 14 14 14 14 14 14 14 14 14 14 14 14 3 1 14 14 14 14 14 14 14 14 14 3 14 14 14 14 14 3 15 15 1 1 1 1 14 14 14 14 14 14 14 14 14 14 14 14 14 14 14 1 1 1 1 1 13 0 13 14 
0 2 2 1 1 11 3 20 14 14 24 14 19 14 14 10 14 14 3 14 12 3 23 16 3 26 
2 2 0 2 1 1 21 20 10 19 14 14 24 21 10 11 10 12 15 16 26 8 3 8 3 
Patron
0 1 1 3 3 3 10 3 
0 1 13 1 10 3 3 0 1 13 1 10 3 
10 10 10 10 0 1 1 13 14 3 3 3 
0 1 2 1 3 9 10 3 3 
0 1 1 2 9 10 3 
0 2 1 1 3 4 4 4 4 4 3 7 12 15 3 11 10 9 3 3 10 3 
0 1 1 2 3 3 9 10 11 10 7 7 5 5 3 12 15 3 
0 2 1 1 3 3 11 10 3 3 8 8 3 3 16 9 10 1 10 3 
0 1 1 2 3 3 3 11 10 3 8 3 8 
2 1 0 1 3 10 9 3 10 3 3 11 7 6 3 10 
0 1 1 2 3 11 10 3 3 9 10 3 8 3 1 8 13 
0 1 1 2 3 8 8 3 11 10 3 3 16 
2 2 0 1 1 3 10 11 19 8 3 8 
2 0 1 1 22 20 10 19 10 3 7 7 8 3 8 3 
0 1 2 1 11 3 7 3 7 3 6 22 20 14 10 19 8 8 14 13 
0 1 1 2 3 8 3 8 3 3 9 10 3 
0 2 1 1 3 3 3 9 10 3 8 8 13 
0 1 1 2 3 3 9 10 3 
0 1 2 1 3 8 3 8 9 10 
0 1 1 2 3 3 8 3 8 9 10 11 3 
0 1 1 2 3 3 3 8 3 8 9 10 
0 1 1 2 3 3 3 8 3 8 3 11 3 12 15 3 9 14 
0 2 1 1 8 3 8 28 3 27 27 3 11 3 28 3 
2 0 1 1 11 3 20 14 14 18 18 18 18 18 18 18 18 18 18 18 18 3 3 3 13 1 1 
0 1 2 1 1 22 14 20 1 3 11 5 3 5 3 13 
0 2 1 1 11 3 3 6 7 3 5 22 20 14 
0 1 1 2 11 3 3 7 3 8 3 8 10 3 
Patron
2 1 20 14 14 14 14 14 14 10 
0 2 2 1 1 3 20 14 14 16 3 3 26 12 3 15 15 15 3 3 3 8 3 8 3 3 3 11 14 14 14 14 3 3 3 6 10 3 19 10 14 14 14 14 
0 2 2 1 1 21 2 20 14 21 14 21 20 10 10 10 19 20 10 19 20 14 21 6 6 20 14 14 24 21 19 11 10 19 25 10 19 16 26 
0 1 2 2 1 20 14 14 24 19 14 24 14 14 14 14 
0 2 2 1 1 1 20 14 14 10 19 14 24 3 14 14 
2 0 2 1 1 2 21 20 14 21 10 19 21 14 21 21 21 21 14 14 12 3 15 15 14 14 14 14 14 14 14 14 14 14 14 14 15 14 14 14 14 14 14 3 8 14 14 14 14 14 14 14 14 14 
0 2 2 2 1 1 21 20 10 19 20 14 14 21 12 15 1 8 1 8 3 1 8 1 8 1 8 1 8 13 1 13 2 0 1 14 14 21 0 13 2 13 1 1 21 14 14 21 
2 0 1 2 1 2 21 25 3 3 6 1 1 8 8 20 14 14 1 3 11 10 19 14 21 24 14 12 23 15 3 21 14 21 
2 0 2 2 1 1 21 20 14 21 1 12 3 15 3 14 11 10 3 19 25 15 15 15 14 10 3 13 13 13 3 8 8 
2 0 2 1 1 20 24 14 14 19 14 14 14 14 14 14 14 14 14 14 14 14 14 14 14 14 14 14 14 14 14 14 12 23 15 3 14 1 14 14 14 14 14 14 14 14 14 14 14 
0 2 2 1 1 3 20 24 14 14 14 14 19 14 3 14 24 14 14 3 3 12 23 3 12 15 15 3 3 
0 2 1 2 1 20 24 14 14 14 14 14 14 14 3 19 3 14 10 3 15 12 
2 0 1 1 7 5 12 15 22 20 10 19 10 10 10 14 14 24 14 24 14 24 24 14 24 14 
Patron
0 1 20 14 12 15 3 26 
2 1 2 0 1 11 3 20 14 14 12 15 15 16 3 26 
2 2 0 2 1 1 21 3 25 3 6 3 8 8 20 21 14 14 21 21 21 21 14 21 21 12 15 10 10 10 10 19 10 11 3 3 13 15 16 26 14 24 3 15 14 
2 0 2 2 1 1 21 20 14 21 14 14 1 1 1 1 1 1 1 1 1 1 1 1 19 10 25 14 14 14 14 14 21 14 1 1 1 1 3 6 12 15 15 16 26 8 3 8 10 
0 1 2 1 20 14 14 12 3 15 3 3 3 3 30 3 31 30 31 3 3 3 3 3 3 16 26 8 10 
2 2 0 1 1 11 3 8 8 16 3 26 3 20 14 14 14 14 12 3 15 3 15 15 15 1 3 3 3 
2 2 0 1 1 20 14 14 12 3 15 15 3 
2 0 2 1 2 1 21 3 20 14 21 12 15 1 1 
2 0 1 1 11 20 19 10 10 14 14 18 18 18 18 18 18 3 12 15 18 18 3 18 18 18 18 
0 2 1 1 11 3 20 14 14 12 15 3 14 14 14 14 14 14 14 14 14 14 14 14 14 14 10 19 3 3 15 27 3 27 
2 0 2 1 1 11 3 20 14 14 14 14 12 15 15 3 3 3 16 3 26 15 
0 2 2 2 1 1 21 11 3 20 14 21 12 15 16 3 26 3 3 13 
Patron
2 1 10 19 1 21 14 10 
2 0 2 2 1 1 21 3 11 25 10 3 19 20 14 21 10 
2 0 2 2 1 1 21 20 10 19 3 14 21 14 21 14 21 
2 2 0 2 1 1 21 1 1 16 3 26 25 10 3 3 3 19 8 8 11 3 10 20 14 21 10 14 21 14 21 21 21 21 1 12 15 15 14 1 1 1 1 21 1 1 14 14 
0 2 2 1 1 2 1 21 20 14 21 10 19 3 14 21 10 25 10 21 3 21 21 21 21 21 21 21 12 15 21 21 8 3 8 15 3 1 21 21 1 21 21 21 10 11 14 21 10 10 0 13 
2 1 0 2 2 1 21 11 3 3 10 19 20 14 21 3 14 21 14 12 15 15 3 3 1 1 1 25 21 14 1 21 
2 2 2 0 1 1 21 25 3 3 10 11 3 19 3 20 14 21 12 15 3 24 14 14 10 1 8 8 
0 2 2 1 1 21 2 1 1 1 3 25 11 3 8 8 3 3 20 10 10 19 10 14 21 21 14 14 14 3 3 14 21 16 26 10 10 10 10 10 10 10 10 10 10 10 10 10 10 10 10 
2 2 2 0 1 1 21 8 3 8 10 25 19 20 21 14 16 26 14 21 14 14 13 0 13 13 14 14 14 21 14 14 14 24 14 24 21 21 14 14 24 14 24 21 21 14 14 14 14 21 14 14 
2 1 1 2 0 8 3 8 10 11 19 16 26 10 
2 0 1 1 11 3 3 8 8 3 22 20 10 19 
2 0 2 1 1 11 3 10 19 20 8 3 8 14 14 3 12 15 
2 0 2 1 1 3 6 12 15 1 11 10 19 6 8 8 3 1 1 
2 2 1 1 0 11 10 19 10 3 3 8 1 8 20 10 
2 1 0 1 20 10 19 14 14 1 3 3 3 8 3 
Patron
2 2 1 1 3 14 14 14 3 
0 2 2 2 1 1 21 16 3 26 12 23 20 14 21 21 14 14 21 10 19 3 14 21 3 25 10 11 21 14 1 21 14 24 14 14 1 8 8 14 14 14 
2 2 0 2 1 1 21 1 8 3 8 12 3 3 3 23 25 3 11 10 19 15 20 14 21 3 6 15 3 14 24 15 16 3 26 14 21 14 
0 1 2 1 2 21 2 1 1 1 20 14 21 1 10 19 25 10 3 21 12 3 15 3 3 3 3 
2 2 0 2 1 1 21 25 12 3 15 15 20 10 19 14 21 15 15 21 13 24 14 14 14 14 
2 0 2 1 1 11 3 20 14 14 12 23 12 3 15 3 15 3 3 3 14 14 14 14 15 3 
2 2 0 1 1 12 3 15 3 3 6 11 3 3 20 14 14 14 14 14 14 14 
2 2 0 1 1 20 14 14 11 3 14 12 15 
0 2 2 2 1 1 21 3 20 14 21 12 15 
2 2 0 2 1 1 21 3 6 20 14 21 12 15 15 16 26 11 10 3 19 25 14 
2 0 2 1 1 12 15 3 16 3 26 11 3 20 14 14 14 6 3 
0 2 2 1 1 3 11 10 19 0 20 24 14 14 14 10 3 1 3 16 3 3 26 1 1 
2 0 2 1 1 3 3 20 3 11 10 19 16 3 3 26 1 10 14 14 3 14 8 8 3 
Patron
2 1 1 14 14 3 15 1 14 14 13 13 3 
0 2 2 1 1 3 8 8 20 14 14 11 3 1 3 12 23 23 3 15 15 16 3 26 1 1 10 19 14 14 14 1 15 15 
2 0 2 1 1 1 8 8 20 14 14 1 12 15 3 3 11 10 19 14 15 3 3 13 13 14 23 16 3 3 26 1 1 1 1 3 3 
0 2 1 1 20 10 19 24 14 14 31 3 12 15 1 31 3 31 15 3 8 8 3 3 6 27 3 27 14 14 31 3 3 15 13 10 1 1 
2 2 0 1 1 8 3 8 3 3 20 6 14 14 10 19 11 10 3 24 14 14 3 12 3 3 15 15 
2 2 0 2 1 1 21 20 14 21 3 3 3 14 14 24 19 10 12 23 3 6 3 25 14 21 13 13 13 15 8 
0 2 2 2 1 1 21 20 10 19 10 14 21 14 24 14 24 25 10 3 3 8 8 12 3 15 3 3 16 3 26 23 
2 0 2 1 1 20 14 14 14 12 3 15 14 1 8 
0 2 1 2 1 8 3 8 3 20 14 14 12 15 15 3 23 15 15 
2 1 2 0 1 11 3 20 14 14 10 14 19 14 14 3 14 14 14 14 14 1 12 3 15 15 6 6 3 8 1 1 8 3 15 15 23 14 13 13 14 1 14 
2 1 2 0 1 1 8 1 8 20 20 20 10 14 14 19 10 11 3 19 3 12 3 15 3 3 6 12 15 0 1 13 13 1 14 10 14 14 14 19 20 14 14 20 14 14 3 12 3 15 
0 2 2 1 1 20 14 14 11 3 10 10 10 10 19 3 14 14 12 3 15 8 3 8 14 14 14 14 10 13 13 14 0 1 1 14 14 14 14 0 14 
2 0 1 1 2 20 14 24 14 19 3 12 3 15 14 14 3 14 8 3 8 15 14 14 14 14 10 10 10 13 13 3 10 14 14 14 14 14 11 3 14 14 14 14 
Patron
2 1 1 21 20 14 14 14 24 
2 0 2 2 1 1 21 20 10 19 14 21 14 24 3 25 3 10 14 
2 2 2 0 1 1 1 21 1 1 20 14 21 1 1 14 24 19 14 14 21 1 1 
2 0 1 1 2 21 2 1 20 21 14 8 8 10 25 19 1 21 14 10 14 24 14 14 
2 1 1 2 21 2 0 20 14 21 14 8 3 1 8 14 14 14 14 14 24 19 
2 0 2 2 1 1 21 20 14 21 20 14 14 21 1 8 1 8 
2 2 0 2 1 1 21 20 14 21 1 1 14 14 1 1 1 
2 0 2 1 1 2 21 1 3 20 14 13 14 14 14 
2 2 2 0 1 1 21 20 14 21 3 1 1 13 1 1 1 14 13 14 3 
2 2 0 2 1 1 21 3 1 20 14 2 0 13 2 1 1 21 14 20 14 21 3 14 0 13 2 13 1 1 21 0 13 2 1 13 1 21 14 14 
0 2 2 2 1 1 21 20 14 21 14 14 1 1 1 
2 0 2 2 1 1 21 20 14 21 21 14 14 1 
0 2 2 1 1 21 2 20 14 21 14 14 1 
2 0 2 1 1 21 2 8 8 20 14 21 14 
2 2 0 2 1 1 21 20 14 21 
2 2 2 0 1 1 21 20 14 21 21 21 14 21 14 21 13 0 
2 2 2 0 1 1 21 20 14 13 14 14 14 
Patron
0 1 1 22 20 10 1 
0 2 1 1 4 4 4 4 22 20 10 19 14 4 4 4 4 4 4 4 8 1 14 14 14 14 14 14 14 14 14 14 14 14 14 14 14 14 14 14 14 14 14 14 14 14 14 14 14 14 14 14 14 14 14 14 14 14 14 14 14 14 14 14 14 14 14 14 14 14 14 14 14 14 14 14 14 14 14 14 14 14 14 14 14 14 14 14 14 14 14 14 14 14 14 14 14 14 14 14 14 14 14 14 14 14 14 14 14 14 14 14 14 14 14 14 14 14 14 14 14 14 14 14 14 14 14 14 14 14 14 14 14 14 14 14 14 14 14 14 14 14 14 14 14 14 14 14 14 14 14 14 14 14 14 14 14 14 14 14 14 14 14 14 14 14 14 14 14 14 14 14 14 14 14 14 14 14 14 14 14 14 14 14 14 14 14 14 14 14 14 14 14 14 14 14 14 14 14 14 14 14 14 14 14 14 14 14 14 14 14 14 14 14 14 14 14 14 14 14 14 14 14 14 14 14 14 14 14 14 14 14 14 14 14 14 14 14 14 14 14 14 14 14 14 14 14 14 14 14 14 14 14 14 0 13 1 1 
0 1 1 2 22 20 10 19 14 1 14 4 4 4 4 4 4 4 4 4 4 4 4 13 
2 0 1 1 22 20 10 19 14 1 5 3 5 7 3 7 17 3 17 17 
0 2 1 1 22 20 10 19 3 14 3 7 7 5 3 12 3 15 3 3 
2 0 1 1 22 20 14 11 10 3 19 24 14 7 
0 2 1 1 22 20 10 19 3 10 14 1 1 14 
2 0 1 1 22 20 10 19 
2 0 1 1 22 20 10 19 7 
2 0 1 1 22 20 10 19 11 10 
2 0 1 1 7 5 22 20 10 19 
0 2 1 1 16 3 26 3 22 20 10 19 7 3 5 3 
2 0 1 1 11 3 10 19 22 20 10 4 4 4 4 4 4 4 
2 0 1 1 11 10 3 19 22 20 10 8 3 8 13 1 0 
Patron
0 1 4 4 4 4 4 3 3 5 3 
0 1 1 2 3 3 3 3 5 5 4 4 4 4 4 
0 1 1 2 3 9 14 3 14 4 3 4 4 4 4 4 4 4 4 4 4 4 4 4 4 4 4 4 4 3 5 3 3 3 5 
0 1 2 1 3 11 3 7 3 7 9 14 3 4 4 4 4 4 4 4 4 4 4 4 4 4 4 3 4 4 4 4 4 3 5 3 
0 1 1 2 11 3 9 3 14 12 3 15 4 4 4 4 4 3 7 3 7 5 3 5 3 14 14 
0 1 1 2 3 3 3 8 8 11 9 14 3 4 4 4 3 4 4 4 4 4 5 3 5 12 3 15 16 3 
0 1 2 1 3 3 1 3 11 3 9 14 3 3 4 4 4 4 4 4 4 4 3 5 3 12 3 15 3 14 3 
0 2 1 1 8 3 8 11 3 22 20 14 3 12 15 3 3 4 4 4 6 3 4 4 4 7 3 7 5 3 5 16 3 26 
0 1 1 2 3 4 4 4 4 4 3 1 8 8 9 10 11 3 14 12 15 5 3 5 7 16 3 
0 2 1 1 4 4 4 4 4 4 8 
0 1 2 1 3 4 4 4 4 4 4 4 4 4 4 4 4 4 4 4 4 4 4 4 4 4 4 4 4 4 4 4 4 4 4 5 3 6 7 8 8 
0 1 1 2 3 3 3 3 8 8 3 3 3 6 4 4 3 4 3 7 3 3 
1 0 2 1 11 10 3 3 3 3 3 4 4 4 7 
0 2 1 1 3 1 9 10 3 3 11 10 3 3 14 3 3 8 8 14 4 4 4 4 4 4 4 4 4 4 4 4 4 4 4 4 4 14 14 3 7 3 7 5 5 3 16 3 
0 1 1 2 3 9 14 10 11 3 3 3 4 4 4 4 4 4 4 4 4 4 4 3 4 4 4 4 4 4 4 4 4 4 4 4 4 4 4 4 3 7 
0 2 1 1 3 4 4 4 3 3 5 3 9 14 3 3 14 5 3 4 4 4 4 4 4 4 4 4 4 4 4 4 8 3 3 3 8 3 17 12 15 13 3 
0 1 1 2 9 3 10 3 14 3 4 4 4 4 4 4 4 4 4 4 4 4 4 4 4 4 6 3 12 3 3 15 1 3 3 0 1 13 1 14 3 3 4 4 4 4 4 4 4 4 4 4 4 3 3 
0 1 1 2 3 9 14 3 1 3 3 3 14 3 3 14 4 4 4 4 4 4 4 4 4 4 12 15 1 1 13 14 4 4 4 4 4 4 4 4 4 1 1 3 1 1 1 1 1 1 1 1 1 1 1 1 1 0 1 1 13 14 14 1 
0 1 1 2 3 3 3 3 9 14 3 3 7 7 5 3 4 4 4 4 4 4 4 4 4 4 4 4 4 4 4 4 4 4 4 4 4 4 4 4 4 4 4 4 4 4 4 4 4 4 4 4 4 4 4 16 3 3 8 8 17 3 14 1 
0 2 1 1 22 20 14 4 4 4 4 4 4 12 3 15 4 4 3 4 4 4 4 4 4 4 4 11 10 3 19 5 7 7 5 3 3 6 6 4 4 4 4 8 3 8 
0 2 1 1 22 20 10 19 14 4 4 4 4 3 4 4 4 4 4 4 4 4 4 4 4 4 4 4 4 3 6 11 14 7 3 7 5 3 5 12 15 15 
2 0 1 1 22 20 14 4 4 4 4 4 4 4 8 3 
0 1 1 2 3 14 9 3 8 3 8 3 3 4 4 4 4 4 3 
Patron
2 1 1 8 8 3 
2 0 1 1 16 3 26 8 3 8 
2 0 1 1 16 26 3 8 8 
2 2 0 2 1 1 21 8 3 8 3 11 10 19 
2 0 2 1 1 12 23 10 11 19 3 15 8 8 3 
0 2 1 1 8 8 3 
2 0 1 1 8 3 8 
0 2 1 1 8 3 8 11 3 
0 2 2 21 2 1 1 8 3 8 0 
2 0 2 2 1 1 21 8 3 8 3 
0 2 1 1 8 8 3 
2 0 1 1 8 3 8 
0 1 2 2 1 1 8 8 1 3 1 8 1 8 12 15 2 2 0 1 1 11 10 19 20 16 26 
2 2 0 1 1 11 10 3 19 3 20 1 14 14 3 12 15 14 14 8 3 8 15 0 13 13 14 14 14 
0 2 2 2 1 1 21 16 26 8 8 
2 0 2 2 1 1 21 8 1 3 8 16 26 
Patron
0 1 22 20 14 4 4 1 1 1 
1 2 0 1 22 20 14 4 4 4 4 4 4 4 
1 0 2 1 22 20 14 3 17 17 4 3 17 14 
2 0 1 1 22 20 24 14 19 12 15 15 1 1 3 17 1 3 3 13 0 5 3 5 3 3 3 3 3 3 3 3 0 1 13 1 14 
2 0 1 1 22 20 24 14 19 3 17 17 17 17 17 1 1 12 15 15 6 17 1 1 17 1 1 1 13 1 1 1 3 
2 0 1 1 22 20 14 4 4 4 4 4 4 4 4 4 4 4 4 4 4 4 17 7 3 7 5 3 5 13 
2 0 1 1 22 20 14 17 17 4 3 3 3 12 15 17 8 3 1 13 8 14 5 1 1 10 10 19 
Patron
0 2 14 14 3 
2 0 2 1 1 20 14 14 3 
2 1 0 1 2 11 3 20 14 14 1 
2 0 2 1 1 11 3 3 20 3 14 14 3 
0 1 2 1 2 11 3 3 3 6 12 3 15 3 20 14 14 14 15 15 15 15 15 13 0 14 13 0 1 1 3 23 3 0 16 26 
0 2 2 1 1 8 3 8 11 3 3 6 3 20 16 3 26 12 3 15 15 14 14 14 14 14 14 14 
Patron
2 1 1 10 19 3 8 
0 2 2 1 1 1 11 10 3 19 8 8 3 
2 2 0 1 1 10 11 3 19 3 8 8 
2 0 2 1 1 11 10 3 19 10 3 
2 2 0 1 1 10 11 3 19 8 
2 0 2 1 1 20 10 19 1 8 8 3 
0 2 1 1 22 20 10 19 8 3 8 
2 2 0 2 1 1 21 20 10 19 8 
2 2 2 0 1 1 21 20 21 14 10 19 13 8 
2 2 2 0 1 1 21 20 10 19 8 
2 0 1 1 11 10 3 
2 0 1 1 11 10 3 19 
2 0 1 1 11 10 19 3 
2 0 2 1 1 11 10 19 8 
2 1 1 2 0 11 10 19 3 
Patron
0 1 1 3 3 8 3 
0 1 1 2 3 1 8 3 1 8 9 10 3 9 10 3 3 3 3 3 3 3 
0 1 1 2 3 9 10 8 8 4 4 4 4 4 4 4 4 4 4 4 3 
0 1 1 2 3 9 1 10 3 3 3 8 
0 1 1 2 3 9 10 3 3 3 3 
0 1 1 2 3 3 9 10 3 3 3 8 8 
0 1 1 2 3 3 3 9 3 10 14 3 3 4 4 4 4 4 3 4 4 4 4 5 5 3 3 6 8 8 3 
0 1 1 2 3 9 3 10 3 14 4 4 4 4 4 4 4 3 12 3 15 3 7 3 7 5 3 
0 1 1 2 7 3 3 9 3 10 10 11 10 3 14 
0 1 1 2 3 3 7 7 11 3 3 9 10 3 
0 1 2 1 3 3 9 10 3 11 3 
0 1 1 2 3 9 10 11 10 3 
0 1 2 1 3 3 3 9 3 10 10 11 3 10 8 8 1 3 1 1 13 
0 1 1 2 9 10 3 3 3 14 3 11 10 3 14 3 14 8 3 8 
0 1 1 2 3 8 3 8 12 3 15 9 10 3 
2 2 0 1 1 12 3 15 3 16 3 26 8 3 8 
2 0 2 2 1 1 21 3 3 20 21 14 12 15 8 8 3 13 21 
14 14 14 1 1 0 13 13 13 1 1 21 1 1 1 1 1 1 12 15 3 8 1 1 1 1 1 1 1 1 1 1 1 
0 1 2 1 3 11 3 5 3 7 3 6 12 15 3 8 3 8 
2 2 2 0 1 1 21 3 6 12 15 8 8 3 1 1 6 16 26 
0 1 1 2 3 8 3 8 
0 1 2 1 3 3 1 3 3 8 
2 0 2 2 1 1 21 8 3 8 
0 1 2 1 3 3 3 8 3 8 
0 1 1 2 3 3 8 8 11 3 3 
0 1 2 1 3 3 8 3 8 3 
0 1 1 2 3 3 8 8 3 3 
2 2 0 1 1 3 8 3 8 
0 1 1 2 3 8 3 0 3 
0 2 1 1 8 3 8 
0 1 1 2 3 8 8 3 
2 0 2 2 1 1 21 8 3 8 
0 1 1 2 1 3 8 8 3 3 
0 1 1 2 3 8 8 3 
2 0 1 1 8 3 8 
2 2 0 1 1 8 3 
0 1 1 2 3 8 8 
0 2 2 2 1 1 21 8 3 
0 1 1 2 3 3 8 8 
0 1 1 2 3 8 
0 2 1 1 22 8 3 
0 1 1 2 3 5 3 7 8 3 3 
2 0 1 1 16 3 3 26 
0 1 2 1 16 3 26 3 3 
0 1 1 2 3 4 7 3 3 3 8 8 
2 0 1 1 7 3 7 4 4 4 4 4 4 22 8 3 
Patron
4 4 4 4 4 4 3 3 8 5 
0 1 2 1 3 3 3 1 3 3 11 9 14 4 4 4 4 4 4 4 4 4 3 7 3 7 5 3 5 3 3 8 8 
0 1 1 2 3 9 10 3 3 3 11 14 4 4 4 4 4 4 4 4 4 4 7 3 7 5 3 5 12 16 3 8 3 
11 3 3 4 4 7 3 8 3 8 3 16 3 7 4 4 4 4 4 4 4 4 4 4 4 4 4 4 4 4 4 4 4 4 4 4 4 5 3 5 9 14 3 14 14 14 14 14 
1 1 2 0 4 4 4 4 4 4 3 7 7 3 3 3 9 10 3 11 10 8 8 3 
0 1 1 2 3 4 4 4 4 4 4 4 3 3 7 3 3 3 6 1 1 3 3 8 3 0 1 1 2 3 3 8 3 3 1 9 10 8 1 1 3 1 3 1 1 1 1 
2 0 1 1 4 1 4 4 4 4 4 4 4 4 4 22 4 10 10 10 10 10 20 10 10 19 10 14 24 11 3 8 8 3 
1 2 1 0 11 22 20 14 3 4 4 4 4 4 4 4 4 4 4 4 4 4 3 4 4 4 4 4 4 4 3 
Patron
0 2 1 1 20 14 21 21 
2 0 2 2 1 1 21 14 20 21 
2 0 2 2 1 1 21 20 14 21 14 
2 0 2 2 1 1 21 20 14 21 10 
2 0 2 2 1 1 21 20 10 19 14 21 14 11 10 25 12 15 15 1 16 26 
2 0 2 2 1 1 21 20 14 21 10 19 11 3 3 3 10 25 3 12 15 10 14 21 
2 2 0 2 1 1 21 20 14 21 14 24 19 3 14 10 21 
2 0 2 1 2 1 21 20 14 21 25 21 21 21 3 11 10 3 19 3 
0 2 2 2 1 1 21 25 3 11 3 3 20 14 21 10 19 10 14 21 12 15 8 3 8 10 10 10 3 6 
0 2 2 2 1 1 21 3 6 3 20 14 21 14 24 19 14 10 10 25 3 11 3 13 13 13 14 14 14 21 10 
2 0 2 2 1 1 21 3 3 6 20 14 21 21 21 21 
0 2 2 1 1 3 3 6 20 10 19 3 14 14 14 3 
2 0 2 2 1 1 21 1 20 14 21 14 8 3 8 
2 0 2 2 1 1 21 20 14 21 1 21 21 14 3 
0 2 2 2 1 1 21 20 14 21 8 3 8 
2 2 0 2 1 1 21 1 20 14 21 8 3 8 
0 2 2 1 1 21 2 1 8 1 8 3 20 14 21 1 8 3 1 8 8 1 
2 0 2 2 1 1 21 3 20 14 21 21 21 21 21 21 21 21 3 1 1 
Patron
2 1 1 19 14 14 10 
0 2 1 1 11 20 14 14 10 19 3 14 14 10 10 
2 1 2 0 1 1 11 3 10 19 3 20 14 14 14 3 6 13 0 13 
0 2 1 1 2 24 20 14 14 19 3 3 14 14 14 11 10 3 11 10 3 3 3 16 26 3 14 14 14 14 
2 2 0 1 1 16 3 26 3 20 14 24 14 19 10 14 14 11 10 14 14 0 13 13 3 3 8 3 8 14 
0 2 1 1 2 3 11 10 3 19 20 14 24 14 14 14 12 15 3 14 14 1 14 15 15 
2 2 0 1 1 3 11 10 19 3 8 3 8 20 14 24 14 1 12 3 15 3 3 14 1 1 
0 2 2 1 1 11 10 3 19 20 14 14 14 
0 2 2 1 1 1 20 10 19 3 14 14 3 
0 2 2 1 1 11 10 3 19 20 14 14 14 
2 0 2 1 1 20 10 19 10 11 3 3 
0 2 2 2 1 21 1 12 15 20 10 19 
2 2 0 2 1 1 21 20 14 21 14 13 13 1 1 1 14 14 21 12 15 15 21 1 14 10 10 10 
2 0 2 1 2 1 21 20 14 21 14 14 1 12 15 15 15 15 15 13 13 13 
Patron
0 1 1 3 3 
0 1 2 1 3 3 3 3 3 3 3 3 3 3 3 
0 1 1 2 3 3 3 16 3 3 
0 1 1 2 3 3 
2 2 0 1 1 3 
0 1 1 2 3 3 
0 2 1 1 3 
0 1 1 2 3 3 
2 0 1 1 3 
1 0 1 2 3 1 3 3 
0 1 1 2 3 1 16 3 
0 1 2 1 3 3 3 
0 1 1 2 1 3 1 
0 1 1 2 3 
0 1 1 2 3 3 
2 0 2 1 1 20 8 3 8 3 16 3 26 3 1 
2 0 1 1 28 3 28 11 3 3 20 14 14 27 3 27 12 15 16 3 26 
2 0 2 1 1 16 3 3 26 3 20 3 8 8 1 11 3 
0 1 1 2 3 3 
0 1 2 1 3 
2 2 0 2 1 1 21 12 23 10 25 3 19 
0 1 1 13 10 3 3 
2 0 2 1 1 3 20 10 19 12 
2 0 1 1 1 20 10 19 8 8 3 3 
2 0 2 1 1 1 20 10 19 
0 2 2 1 1 11 10 19 20 
2 0 1 1 20 14 14 24 18 18 18 18 18 18 18 18 18 18 18 18 29 29 29 29 29 29 29 29 29 29 29 29 29 29 29 29 29 19 3 27 13 1 1 
0 2 2 1 1 20 10 19 3 14 24 14 1 13 13 
2 0 1 1 20 14 14 24 19 28 3 3 28 27 3 27 
0 2 1 1 22 20 24 14 19 3 7 13 1 1 
0 1 1 2 3 
0 1 1 2 3 3 
0 1 1 2 3 3 3 
0 1 1 2 1 3 3 
0 1 1 2 3 3 3 
0 1 1 2 3 1 
0 1 1 2 11 3 3 
2 0 2 1 1 11 3 
2 0 1 1 1 11 
2 0 2 1 1 11 10 
0 2 1 1 8 8 11 10 
Patron
2 1 20 14 14 3 3 8 26 3 
0 2 1 1 11 3 20 14 14 12 15 3 3 28 3 28 27 3 27 29 29 29 29 3 29 29 29 29 29 29 29 3 29 29 3 16 3 26 3 13 8 
2 0 1 1 11 20 14 14 8 3 8 12 3 15 3 3 28 3 27 27 29 29 29 29 29 29 29 29 29 29 29 29 29 29 29 29 16 3 26 3 
0 1 2 1 11 3 20 14 14 28 3 28 3 16 3 3 26 1 24 24 14 14 14 
2 0 2 1 1 11 3 20 12 15 3 14 14 15 3 3 15 3 16 3 26 8 8 3 
2 0 2 1 1 20 14 14 12 3 15 3 16 26 6 3 8 3 14 14 8 
2 2 0 1 1 11 10 3 3 19 3 20 14 14 12 3 3 15 15 15 8 3 8 3 
2 2 0 1 1 1 10 20 19 14 14 1 11 10 12 15 3 3 8 3 8 3 
0 2 2 1 1 11 3 20 14 14 3 3 3 12 3 15 3 1 1 1 1 3 
2 2 0 1 2 21 1 20 14 21 14 14 1 12 15 3 14 14 14 15 14 14 14 14 
0 1 2 2 1 2 21 20 21 14 14 1 12 15 15 3 1 1 25 3 11 
2 0 2 1 1 11 20 14 14 12 15 15 3 14 14 15 
0 2 1 1 22 20 14 1 5 3 5 3 
2 0 1 1 11 22 20 14 12 15 15 
0 2 1 1 10 11 3 19 22 20 14 24 14 12 15 15 15 7 3 7 5 3 5 3 17 3 8 3 8 3 14 
2 0 1 1 22 20 10 14 24 19 5 5 7 3 7 14 11 3 14 14 14 12 23 10 3 3 8 3 8 
0 2 1 1 22 20 14 3 10 19 3 3 3 3 3 
2 0 1 1 22 20 14 14 24 19 3 10 10 10 10 
2 0 2 1 1 3 6 20 14 14 3 3 3 3 3 
0 2 1 1 11 28 3 27 12 3 3 15 8 3 8 20 14 14 3 28 27 3 
2 0 2 1 1 3 3 11 3 20 14 14 13 13 14 14 14 12 3 15 3 8 3 
2 0 2 1 1 8 3 8 11 3 3 20 14 14 12 3 15 15 3 15 13 3 3 
2 2 0 1 1 3 20 24 14 14 19 3 6 3 8 8 11 3 13 1 1 1 1 3 10 14 14 14 3 3 14 14 
2 0 1 2 1 1 1 20 14 14 12 15 1 3 11 10 19 10 3 1 1 1 13 13 14 3 3 1 1 1 3 6 
2 0 2 1 1 1 20 24 14 14 19 14 14 11 10 3 
2 0 2 1 1 1 1 3 20 14 14 3 11 10 19 
2 0 2 1 1 8 3 8 3 3 20 14 14 14 3 
2 2 1 2 0 1 21 20 14 21 12 23 8 3 8 
0 2 1 1 11 3 3 20 14 14 28 3 28 3 
2 0 1 1 11 3 28 3 28 20 14 14 1 14 
0 1 2 2 1 11 3 20 14 14 14 
2 1 0 2 1 11 3 20 14 14 3 
0 2 1 1 1 1 20 14 14 14 18 18 18 18 18 18 18 18 29 29 29 29 29 29 29 29 
2 2 0 1 1 1 1 20 14 14 14 14 
Patron
0 1 3 4 4 3 3 3 2 
0 1 1 2 3 3 9 10 3 4 4 14 3 12 3 15 16 8 8 3 3 3 
0 1 1 2 3 4 4 4 4 12 15 9 14 3 1 8 3 
0 1 2 1 3 4 4 4 4 4 4 4 4 4 3 4 4 4 4 4 3 4 4 3 17 7 9 14 3 12 15 1 3 3 3 3 3 3 3 3 3 3 3 3 3 3 3 
0 1 1 2 3 3 5 3 6 7 3 3 3 14 9 3 10 14 3 3 7 4 4 4 4 4 4 4 4 4 4 3 3 12 15 3 16 3 5 
0 1 1 2 3 11 10 3 9 14 3 3 4 4 4 4 4 4 4 4 4 4 4 4 4 4 4 4 4 4 4 4 4 4 4 4 4 4 4 4 4 3 14 14 14 14 14 14 14 14 14 14 14 14 14 14 14 14 14 14 14 14 14 14 14 14 14 14 14 14 14 14 14 14 14 14 14 14 14 14 14 14 14 14 14 14 14 14 14 14 14 14 5 12 15 4 4 4 4 4 3 14 14 14 14 14 14 14 14 14 14 14 14 14 14 14 14 14 14 14 14 14 14 14 14 14 14 14 14 14 14 14 14 14 14 14 14 14 14 14 14 14 14 14 14 14 14 14 14 14 14 14 14 14 14 14 14 14 14 14 14 14 14 14 14 14 14 14 14 14 14 14 14 14 14 14 14 14 14 14 14 14 14 14 14 14 14 14 14 14 14 14 14 14 14 14 14 14 14 14 14 14 14 14 14 14 14 14 14 14 14 14 14 14 14 14 14 14 14 14 14 14 14 14 14 14 14 14 14 14 14 14 14 14 14 14 14 14 14 14 14 14 14 14 14 14 14 14 14 14 14 14 14 14 14 14 14 14 14 14 14 14 14 14 14 14 14 14 14 14 14 14 14 14 14 14 14 14 14 14 14 14 14 14 14 14 14 14 14 14 14 14 14 14 14 14 14 14 14 14 14 14 14 14 14 14 14 14 14 14 14 14 14 14 14 14 14 14 14 14 14 14 14 14 14 14 14 14 14 14 14 14 14 14 14 14 14 14 14 14 14 14 14 14 14 14 14 14 14 14 14 14 
0 1 2 1 3 9 10 3 14 3 4 4 4 4 4 4 4 4 4 3 4 4 4 4 4 4 4 4 4 4 4 4 4 4 4 3 5 3 5 14 14 14 14 14 14 14 14 14 14 14 14 14 14 14 14 14 14 14 4 4 4 4 4 14 14 14 14 14 14 14 4 4 4 4 4 4 4 3 12 15 4 4 4 4 4 4 4 17 7 3 7 3 4 4 14 14 3 8 8 14 14 14 14 14 14 14 14 14 14 14 14 14 14 14 14 14 14 14 14 14 14 14 14 14 14 14 14 14 14 4 4 14 14 14 14 14 14 3 11 10 3 3 3 
0 1 2 1 3 3 11 3 9 14 3 1 3 7 7 3 5 5 3 3 4 4 4 4 4 3 12 3 15 3 6 1 1 13 14 3 1 
0 1 1 2 3 3 9 14 3 3 4 4 4 4 4 4 4 4 4 4 4 4 4 4 4 12 3 15 3 5 3 5 7 3 7 11 3 8 3 8 1 13 
0 1 1 2 3 4 4 3 
0 1 1 2 3 3 3 4 4 4 4 4 4 4 3 3 9 10 3 11 3 4 4 4 3 7 3 6 3 
0 1 2 1 3 1 7 12 15 1 11 10 9 10 7 4 4 4 4 4 4 3 8 3 13 3 8 1 3 10 
0 1 1 2 8 3 8 4 4 4 4 4 4 3 
0 1 2 1 3 4 4 4 4 4 3 8 3 8 3 3 3 
0 1 2 1 3 4 4 4 4 4 4 4 4 3 3 8 3 3 
0 1 1 2 3 3 3 5 7 7 4 4 4 4 4 3 4 4 4 4 4 4 4 11 10 3 3 3 
0 1 1 2 3 3 8 3 8 3 11 10 3 4 4 4 3 3 7 3 7 10 1 3 1 
0 1 2 1 3 4 4 4 4 4 4 4 4 3 9 10 10 11 3 7 12 15 13 8 3 
0 1 2 1 3 3 8 3 8 16 3 3 7 7 3 3 4 4 4 9 10 3 11 10 3 13 
Patron
14 14 14 14 14 14 14 14 14 14 14 14 14 14 14 14 14 14 14 14 14 14 14 14 14 14 14 14 14 14 14 14 14 14 14 14 14 14 14 14 14 14 14 14 14 14 14 14 14 14 14 14 14 14 14 14 14 14 14 14 14 14 14 14 14 14 14 14 14 14 14 14 14 14 14 14 14 14 14 14 14 14 14 14 14 14 14 
14 14 14 14 14 14 14 14 14 14 14 14 14 14 14 14 14 14 14 14 14 14 14 14 14 14 14 14 14 14 14 14 14 14 14 14 14 14 14 14 14 14 14 14 14 14 14 14 14 14 14 14 14 14 14 14 14 14 14 14 14 14 14 14 14 14 14 14 14 14 14 14 14 14 14 14 14 14 14 14 14 14 14 14 14 
14 14 14 14 14 14 14 14 14 14 14 14 14 14 14 14 14 14 14 14 14 14 14 14 14 14 14 14 14 14 14 14 14 14 14 14 14 14 14 14 14 14 14 14 14 14 14 14 14 14 14 14 14 14 14 14 14 14 14 14 14 14 14 14 14 14 14 14 14 14 14 14 14 14 14 14 14 14 14 14 14 14 14 14 14 14 14 
14 14 14 14 14 14 14 14 14 14 14 14 14 14 14 14 14 14 14 14 14 14 14 14 14 14 14 14 14 14 14 14 14 14 14 14 14 14 14 14 14 14 14 14 14 14 14 14 14 14 14 14 14 14 14 14 14 14 14 14 14 14 14 14 14 14 14 14 14 14 14 14 14 14 14 14 14 14 14 14 14 14 14 14 14 14 14 14 14 14 14 14 14 14 14 14 14 14 14 14 14 14 14 14 14 14 14 14 14 14 14 14 14 14 14 14 14 14 14 14 14 14 14 14 14 14 14 14 14 14 14 14 14 14 14 14 14 14 14 14 14 14 14 14 14 14 14 14 14 14 14 14 14 14 14 14 14 14 14 14 14 14 14 14 14 14 14 14 14 14 14 14 14 14 14 14 14 14 14 14 14 14 14 14 14 14 14 14 14 14 14 14 14 14 14 14 14 14 14 14 14 14 14 14 14 14 14 14 14 14 14 14 14 14 14 14 14 14 14 14 14 14 14 14 14 14 14 14 14 14 14 14 14 14 14 14 14 14 14 14 14 14 14 14 14 14 14 14 14 14 14 14 14 14 14 14 14 14 14 14 14 14 14 14 14 14 14 14 14 14 14 14 14 14 14 14 14 14 14 14 14 14 14 14 14 14 14 14 14 14 14 14 14 14 14 14 14 14 14 14 14 14 14 14 14 14 14 14 14 14 14 14 14 14 14 14 14 14 14 14 14 14 14 14 14 14 14 14 14 14 14 14 14 14 14 14 14 14 14 14 14 14 14 14 14 14 14 14 14 14 14 14 14 14 14 14 14 14 14 14 14 14 14 14 14 14 14 14 14 14 14 14 14 14 14 14 14 14 14 14 14 14 14 14 14 14 14 14 14 14 14 14 14 14 14 14 14 14 14 14 14 14 14 14 14 14 14 14 14 14 14 14 14 14 14 14 14 14 14 14 14 14 14 14 14 14 14 14 14 14 14 14 14 14 14 14 14 14 14 14 14 14 14 14 14 14 14 14 14 14 14 14 14 14 14 14 14 14 14 14 14 14 14 14 
14 14 14 14 14 14 14 14 14 14 14 14 14 14 14 24 19 14 14 14 14 3 15 14 14 14 14 14 14 14 14 14 14 1 30 31 14 14 14 14 14 14 1 1 1 14 14 14 14 14 14 14 14 14 14 14 14 14 14 14 14 30 31 3 6 18 18 18 18 3 18 18 18 18 18 18 18 18 29 29 29 29 18 18 18 18 18 29 29 29 3 14 14 14 14 14 14 14 14 14 14 14 14 14 14 14 14 14 14 14 14 14 14 14 14 14 14 14 14 14 14 14 14 14 14 14 14 14 14 14 14 14 14 14 14 14 14 14 14 14 14 14 14 14 14 14 14 14 14 14 14 14 14 14 14 14 14 14 14 14 14 14 14 14 14 14 14 14 14 14 14 14 14 14 14 14 14 14 14 14 14 14 14 14 14 14 14 14 14 14 14 14 14 14 14 14 
0 2 2 1 1 3 3 20 14 14 24 19 14 14 14 14 14 11 3 14 10 14 14 14 14 14 14 14 14 14 14 14 14 14 14 14 14 14 14 14 14 14 14 14 14 14 1 14 14 14 14 14 1 14 14 14 14 14 14 14 14 14 14 14 14 14 14 1 1 1 14 14 14 14 14 14 14 14 14 14 14 14 14 14 1 14 14 14 14 14 14 14 14 14 14 1 1 13 13 14 1 1 1 14 12 15 15 15 15 1 1 1 1 14 3 3 14 14 14 1 1 1 1 1 1 1 1 14 14 1 1 14 14 14 14 14 1 1 14 14 14 14 14 14 14 14 14 1 14 14 14 14 14 14 1 1 14 14 14 14 14 14 14 14 14 14 14 14 14 14 14 14 14 14 14 14 14 14 14 14 14 14 14 14 14 14 1 1 14 14 14 1 1 14 14 14 
2 2 0 1 1 20 24 14 14 19 14 10 14 14 14 14 14 14 14 3 14 14 14 14 14 14 11 3 14 14 14 14 14 3 14 14 14 14 14 14 14 14 14 14 14 14 14 14 14 14 14 14 1 14 14 14 14 14 14 1 14 14 14 14 14 14 1 14 14 14 14 14 14 14 14 14 14 14 14 12 3 15 1 10 10 10 10 10 10 10 10 10 10 10 14 14 14 1 1 
2 0 2 2 1 1 21 1 6 3 3 20 14 21 24 14 19 14 14 14 21 14 12 15 3 23 3 15 16 3 26 3 3 3 14 14 14 14 14 14 14 14 14 14 14 14 14 14 14 14 14 14 14 14 14 14 14 14 14 14 14 14 14 14 14 14 14 14 14 14 14 14 14 14 14 14 14 14 14 14 14 14 14 14 14 14 14 14 14 14 14 14 14 14 14 14 14 14 14 14 14 14 14 14 14 14 14 14 14 14 14 14 14 14 14 14 14 14 14 14 14 10 14 21 10 11 3 25 21 14 14 14 14 14 15 3 15 15 13 13 13 8 3 8 1 1 14 1 14 14 14 1 14 14 14 1 14 14 14 1 14 14 14 14 14 14 14 1 14 14 14 14 14 14 14 14 14 14 14 14 14 14 14 14 14 14 14 14 14 14 14 14 14 14 14 14 14 14 1 1 
0 2 2 1 2 1 21 20 14 21 21 1 1 1 14 24 19 14 14 1 1 21 14 14 14 14 21 14 14 14 14 14 21 14 14 21 14 21 21 14 14 14 21 21 21 21 21 21 10 14 14 14 14 12 15 14 14 14 14 21 1 14 3 14 8 1 1 1 1 1 1 1 1 1 1 1 1 8 10 14 21 1 1 1 14 14 14 14 14 14 21 14 14 14 14 14 14 14 25 14 14 14 14 21 1 21 21 21 21 21 21 21 21 21 21 21 21 21 3 21 11 1 3 3 14 21 21 21 1 1 21 1 14 14 21 21 21 21 21 21 1 1 1 1 3 16 26 14 14 14 14 21 14 14 14 14 21 1 21 21 21 21 21 21 21 21 21 21 21 21 21 21 21 10 21 21 21 21 21 21 21 21 21 21 21 21 21 21 3 14 21 21 21 21 21 21 21 21 21 21 6 15 14 1 21 21 21 1 1 14 14 14 14 21 1 1 14 14 14 14 21 14 14 14 14 14 21 14 14 14 14 21 14 14 14 14 21 1 1 1 1 1 14 14 14 14 14 14 14 14 1 14 3 14 14 14 14 14 
2 0 2 1 1 3 16 3 26 20 14 14 14 12 3 15 3 14 14 11 10 3 19 3 3 3 3 14 14 14 14 14 14 14 14 14 14 14 14 14 14 14 14 14 14 14 14 14 14 14 14 14 14 14 14 14 14 6 13 13 14 8 3 14 8 1 3 1 
2 0 2 1 1 20 14 14 11 3 3 14 14 8 3 8 16 3 26 12 3 15 15 3 14 14 14 14 14 10 10 14 14 14 14 14 19 14 14 14 14 14 14 14 14 14 14 14 14 14 14 14 14 14 14 14 14 14 14 14 14 14 14 14 14 14 14 14 14 14 14 6 
Patron
0 1 1 4 4 4 4 4 4 4 4 4 4 4 4 4 4 4 4 4 14 
0 1 1 2 3 11 3 3 4 4 4 4 4 4 4 4 4 4 4 4 4 4 12 15 3 8 8 3 7 3 9 10 3 14 3 7 3 5 3 5 3 4 4 4 4 4 4 4 4 4 4 4 4 4 4 4 4 4 4 4 4 
1 0 2 1 1 1 1 3 1 1 8 3 8 3 9 10 3 14 5 3 4 4 4 4 3 4 4 4 4 4 4 4 4 4 4 4 4 4 4 4 4 4 4 4 4 4 4 4 4 4 4 4 4 4 1 14 14 3 12 3 15 13 14 
0 1 1 2 3 3 11 10 3 9 3 10 3 3 3 4 4 4 3 3 7 7 8 3 8 1 10 12 3 3 5 10 1 1 13 1 1 
0 2 1 1 3 11 3 3 7 3 7 3 3 9 10 3 14 5 3 5 4 4 4 4 4 4 4 4 4 4 4 4 4 4 4 4 3 3 14 14 
2 0 1 1 4 4 4 4 4 4 4 4 4 4 17 3 11 10 19 22 20 14 1 
2 0 1 1 22 20 10 19 10 14 3 4 4 4 4 4 4 3 4 4 4 4 4 4 4 4 4 4 3 4 
0 1 1 2 3 3 8 8 3 3 4 4 4 4 4 4 4 4 4 4 4 4 
0 1 1 2 3 4 4 4 4 4 4 4 4 3 8 8 3 3 0 
0 1 1 2 4 4 4 4 4 4 4 4 4 4 3 11 3 9 14 3 3 
0 1 1 2 9 10 3 3 14 3 1 3 10 14 4 4 4 4 4 4 4 4 4 4 4 4 4 4 4 4 4 4 4 4 4 4 4 4 4 4 3 12 3 15 4 4 4 4 3 
0 1 1 2 9 10 3 3 3 10 14 14 14 14 14 14 14 14 14 14 14 14 14 14 14 14 14 4 4 4 4 4 4 4 4 4 4 4 4 3 3 14 14 14 14 14 14 14 14 14 
0 1 1 2 4 4 4 4 4 4 4 4 4 4 4 4 4 4 3 
0 1 1 2 3 3 9 10 3 8 3 8 11 7 7 3 14 3 12 15 4 4 4 4 4 4 3 4 4 4 4 4 4 4 1 1 3 
0 1 1 2 3 3 3 3 4 4 4 4 4 4 4 4 4 4 4 4 4 4 4 4 3 4 11 12 3 15 8 3 8 9 14 14 14 14 
2 0 1 1 4 4 4 4 4 4 4 4 4 4 4 4 4 
0 1 1 2 11 3 9 14 3 7 3 7 5 3 3 4 4 4 4 4 4 4 4 4 4 4 4 4 4 4 4 3 3 8 3 8 
0 1 1 2 4 4 4 4 4 4 4 3 3 7 3 11 8 3 8 9 14 3 3 7 3 4 4 4 4 4 4 4 4 4 4 4 4 4 4 4 14 14 14 14 
0 1 1 2 3 1 3 11 3 3 9 14 3 4 4 4 4 4 4 4 4 4 4 4 4 14 3 3 3 
0 1 1 2 3 11 3 9 3 14 8 3 8 3 6 3 3 7 7 5 3 5 3 4 4 4 4 4 4 4 3 4 4 4 4 4 12 3 15 14 14 14 3 
0 1 1 2 11 3 9 14 3 4 4 4 4 4 4 4 4 4 4 4 4 4 4 4 4 3 4 5 3 5 7 3 7 8 3 8 14 14 14 4 4 4 16 3 3 12 3 15 3 1 
0 1 1 2 3 11 3 3 4 4 4 4 4 4 4 4 3 4 12 3 15 8 3 8 
0 1 1 2 3 11 4 4 4 4 4 4 4 4 4 4 3 4 4 3 3 12 3 15 7 3 7 8 8 3 3 9 14 14 14 4 4 4 4 4 4 4 4 4 4 4 4 4 4 4 4 4 4 4 15 14 14 
0 1 1 2 3 9 3 10 3 3 10 11 10 3 4 4 4 4 3 4 4 3 14 3 4 4 4 4 4 4 4 4 4 4 4 3 4 4 4 4 4 4 4 7 3 7 5 3 5 12 3 3 15 16 3 3 8 3 8 1 
Patron
0 3 4 4 4 4 4 4 4 4 4 4 4 3 26 3 3 7 3 
2 0 1 1 3 8 8 4 4 4 4 3 4 4 4 4 4 4 4 4 4 4 4 7 3 7 5 3 5 12 15 3 3 16 26 
1 1 0 2 3 3 9 14 12 3 15 15 3 4 4 4 3 4 4 4 4 4 4 4 4 4 4 4 4 4 4 4 4 4 4 7 3 7 8 3 8 3 6 16 3 3 17 3 3 3 17 15 15 3 
0 1 2 1 3 3 3 9 14 3 4 4 4 4 4 4 4 4 4 4 4 4 4 4 4 4 4 4 4 4 4 4 4 4 4 7 3 7 3 5 5 4 4 4 4 4 3 8 1 8 12 3 15 3 16 3 
0 1 2 1 3 3 1 9 10 3 11 3 3 3 3 10 4 4 4 4 4 4 4 4 4 4 4 4 8 3 8 10 
0 1 1 2 3 1 1 4 4 4 4 4 4 4 4 4 4 4 9 10 3 10 3 3 11 10 7 3 12 15 8 3 8 
1 2 1 0 3 1 3 9 10 3 3 3 10 11 3 3 8 8 10 3 3 14 4 4 4 3 4 4 4 4 4 4 4 4 4 4 4 4 4 4 14 14 14 14 14 14 14 14 14 14 14 14 14 14 14 14 14 14 14 14 14 14 14 14 14 10 14 14 
0 1 1 2 3 9 14 4 4 4 4 4 3 4 4 4 4 4 4 4 4 4 4 4 4 4 4 4 4 4 4 4 4 4 4 4 4 4 4 4 4 4 4 4 4 4 4 4 4 4 4 4 4 14 12 3 15 11 10 3 3 8 8 
0 1 2 1 3 4 4 4 4 4 4 4 4 3 4 4 4 4 4 4 4 4 4 4 4 4 4 3 3 3 3 9 10 14 3 
0 1 1 2 3 9 10 11 3 14 3 3 3 3 6 0 1 1 13 3 10 14 14 14 14 14 3 3 4 4 4 4 4 4 4 4 4 4 4 4 4 4 4 4 4 4 4 4 4 4 4 4 4 4 4 4 4 4 4 4 4 4 4 4 4 4 3 12 3 15 16 3 7 7 5 3 5 3 3 14 14 14 14 4 4 4 4 4 8 3 8 
0 1 1 2 3 9 10 3 3 10 3 14 14 10 10 3 10 10 14 14 14 14 14 5 3 12 3 15 3 6 13 14 14 3 3 14 14 14 14 5 14 14 1 1 1 1 14 14 3 1 1 1 14 14 14 10 14 8 8 14 14 14 4 4 4 4 4 4 4 4 4 4 4 4 4 4 4 4 4 4 4 4 4 4 4 4 4 4 4 4 4 3 14 14 4 4 4 17 7 3 7 3 14 14 14 14 17 14 14 6 3 14 14 14 14 14 3 14 14 14 3 
Patron
14 14 14 14 14 14 14 14 14 14 14 14 14 14 14 14 14 14 1 1 3 
0 1 2 1 9 14 11 10 3 3 12 15 8 3 8 14 10 3 14 3 14 4 4 4 3 4 4 4 4 4 4 4 4 4 14 14 14 14 14 14 14 14 14 14 3 14 14 14 14 14 14 14 14 4 4 3 14 14 10 10 3 14 14 14 14 14 14 14 14 14 14 14 14 14 14 14 14 0 1 1 13 14 14 14 
4 4 4 4 4 14 14 14 1 1 13 0 1 1 14 1 1 1 1 14 14 3 17 17 1 0 13 1 1 1 1 1 1 1 1 1 1 1 1 1 1 14 14 14 14 22 3 20 14 14 14 14 14 6 3 17 11 3 14 14 14 14 14 14 6 12 15 1 8 3 1 1 8 1 
2 2 2 1 1 21 0 25 3 3 11 10 19 3 3 16 3 26 20 14 21 10 12 15 14 21 8 3 8 1 1 21 21 21 14 21 21 21 21 21 21 21 21 21 21 21 21 21 14 21 1 3 14 24 21 14 21 14 21 21 1 1 1 1 1 14 3 15 14 14 15 21 14 14 14 14 21 14 14 14 14 14 14 21 14 14 14 14 14 14 14 14 1 1 1 1 1 
2 0 2 2 1 1 21 20 21 14 1 21 14 21 21 14 14 14 21 14 24 19 21 21 21 21 21 14 14 21 14 21 21 21 21 14 14 14 21 14 14 14 21 14 24 3 14 1 1 14 10 1 21 21 21 21 21 21 21 21 21 21 21 21 21 21 21 21 16 3 26 14 21 21 10 11 10 21 14 14 14 14 14 14 14 14 14 14 14 14 14 14 14 14 14 14 14 14 14 14 14 14 14 14 14 14 14 14 14 12 15 15 15 8 8 14 14 14 14 14 14 14 23 15 14 21 21 3 3 3 21 21 21 21 21 14 14 14 14 14 14 14 14 14 21 21 21 21 21 21 14 14 14 21 21 14 14 14 14 14 14 14 14 14 14 14 14 15 14 14 14 14 14 14 14 14 
2 0 2 1 21 1 2 3 16 3 26 20 14 21 
2 2 2 0 1 1 21 20 14 21 14 14 1 12 15 15 15 1 1 16 26 13 0 13 13 1 1 1 8 8 3 15 15 24 21 24 14 14 14 21 19 1 1 3 
2 2 0 2 1 1 21 20 14 21 14 14 14 14 14 14 21 1 3 16 26 12 15 13 13 13 21 14 24 14 21 24 21 14 24 14 21 14 24 14 21 21 14 21 14 14 14 14 14 21 14 21 14 14 21 21 21 21 
2 0 2 1 1 20 24 14 14 19 10 14 14 14 14 14 14 14 14 3 12 3 15 16 3 26 14 14 14 14 14 14 14 14 14 14 14 14 14 14 14 14 14 14 11 3 
2 2 2 0 1 21 1 20 14 21 14 21 14 14 21 10 19 14 14 24 14 14 21 14 14 16 3 26 3 14 21 10 21 14 14 14 14 14 12 15 15 14 14 14 14 14 
Patron
14 14 15 
14 13 13 14 3 12 3 15 15 
14 14 14 14 14 10 10 10 10 
Patron
2 4 4 4 4 4 4 4 4 4 4 4 4 4 4 4 4 4 4 4 4 4 3 3 
0 1 1 2 3 9 3 10 3 14 3 11 10 3 12 15 4 4 4 4 4 3 4 4 3 7 3 7 5 3 4 4 4 4 4 4 4 4 4 4 4 4 4 4 4 4 4 3 14 14 8 3 8 
0 1 2 1 3 3 7 9 10 14 3 11 10 3 14 3 8 8 12 15 7 4 4 4 4 3 4 4 4 4 4 4 4 4 4 4 4 4 4 4 4 4 4 4 4 4 4 4 4 4 4 3 3 
0 2 1 1 3 4 4 4 3 22 4 4 4 4 4 4 4 4 7 7 5 3 5 3 8 3 8 11 20 14 4 4 4 12 15 3 4 4 4 4 4 4 4 4 4 4 4 4 4 4 4 3 3 3 4 4 4 4 4 4 14 14 4 4 4 4 4 4 4 4 4 4 4 4 1 1 4 4 16 26 15 1 1 13 1 1 1 
0 2 1 1 22 20 10 19 10 14 3 3 11 10 3 3 3 3 10 10 14 5 3 5 7 3 7 12 15 4 4 4 4 4 4 4 4 3 4 4 4 4 4 4 4 3 4 4 4 4 4 4 4 4 4 4 4 16 3 26 10 3 10 10 10 10 10 10 10 10 10 10 10 24 14 3 14 10 10 14 10 14 17 3 14 13 0 0 14 14 
2 0 1 1 22 20 14 3 6 12 3 15 3 4 4 4 4 4 4 4 4 4 4 4 4 4 4 4 4 4 4 4 4 4 4 8 
2 0 1 1 22 20 14 4 4 4 4 4 4 4 4 4 4 4 4 4 4 4 4 4 4 4 4 4 8 8 11 3 10 19 3 6 12 15 
2 1 0 1 3 17 22 20 14 4 4 4 3 4 4 4 4 4 4 4 3 4 4 4 4 4 4 4 4 4 4 11 10 3 19 7 3 7 5 3 5 12 3 3 15 3 3 6 8 1 1 8 
2 0 1 1 11 22 20 14 14 4 4 4 4 4 4 4 3 4 4 3 4 4 7 3 7 5 3 5 3 14 10 19 6 8 3 8 12 15 4 4 4 4 4 4 4 4 4 4 3 17 17 17 14 14 14 14 14 14 1 24 24 14 14 14 24 24 14 14 24 24 14 14 14 14 14 14 14 14 1 1 1 14 14 
2 1 1 22 0 10 20 19 10 10 14 12 3 15 3 4 4 4 4 4 4 3 4 4 4 4 7 3 4 7 5 3 5 8 3 8 11 10 3 4 4 4 4 4 4 4 4 4 4 4 4 4 4 4 3 4 4 4 4 4 4 4 4 4 4 4 4 4 4 4 3 
0 2 1 1 11 3 22 20 14 4 4 4 4 4 4 4 4 4 4 4 4 3 4 4 4 4 4 4 4 4 4 4 4 4 4 4 4 4 4 5 3 12 15 15 7 3 7 8 3 8 14 
2 0 1 1 11 3 3 22 20 14 5 3 5 7 3 7 12 3 15 4 4 4 4 4 4 4 3 4 4 4 4 4 4 3 
2 0 1 1 11 3 22 20 14 4 4 4 4 3 4 4 4 4 4 4 4 4 4 4 4 4 4 4 4 4 4 4 3 7 3 7 5 3 5 
0 2 1 1 22 20 24 14 4 4 4 4 4 4 4 4 4 4 4 4 4 4 4 4 4 4 4 4 4 4 4 4 19 3 14 13 
0 2 1 1 22 20 24 14 19 3 10 11 3 3 4 4 4 4 4 4 4 4 4 4 4 4 4 3 4 4 4 4 13 1 1 
Patron
14 14 14 14 21 24 
14 14 24 21 14 14 14 14 24 21 14 14 14 24 21 14 24 14 14 14 24 14 21 14 21 14 24 14 14 21 24 14 14 21 14 14 14 14 24 14 21 21 14 14 24 24 14 14 14 21 14 14 14 24 21 14 14 14 24 21 14 14 21 24 14 14 14 14 24 21 14 14 14 24 21 14 14 24 14 14 14 24 21 21 14 14 24 14 14 21 14 14 14 24 21 14 14 14 14 14 24 24 14 21 21 14 21 14 24 14 14 14 14 21 14 14 24 24 14 21 24 14 14 14 24 14 14 14 21 21 14 14 24 14 21 14 24 14 14 21 14 24 14 21 14 14 14 14 21 24 14 14 21 24 14 14 14 24 21 14 14 21 14 24 14 24 14 14 14 21 14 14 14 24 21 14 14 24 14 21 14 14 14 24 14 14 24 21 21 14 14 21 14 14 24 14 24 14 14 24 14 14 14 21 21 24 14 14 14 21 14 14 14 24 21 14 14 14 24 14 14 14 24 21 14 14 14 24 14 14 24 21 21 14 14 14 14 24 21 14 14 14 24 14 14 24 21 21 14 14 14 14 24 21 14 14 14 24 14 24 14 21 21 14 14 14 14 24 21 14 14 24 14 21 14 14 24 21 14 14 14 24 14 21 21 14 14 14 14 24 24 21 24 14 14 14 21 14 14 24 14 14 14 24 14 14 14 21 21 24 14 14 14 21 14 14 14 24 14 21 14 14 14 14 21 14 24 24 21 14 14 14 24 21 14 14 24 14 21 14 14 24 14 21 24 14 14 14 24 14 14 21 14 14 24 14 21 14 21 24 14 14 14 14 24 14 14 21 21 14 24 14 14 21 14 14 14 24 21 14 14 24 14 14 21 14 14 24 21 14 14 14 24 14 14 24 21 21 14 14 14 24 14 21 14 14 14 24 21 14 14 24 14 14 14 21 14 24 21 14 24 14 14 21 14 14 14 24 21 14 14 24 14 21 
24 24 14 14 14 14 24 14 14 24 14 14 14 24 14 14 24 14 
14 14 14 14 21 
Patron
0 1 1 8 8 
2 2 0 1 1 3 8 8 
2 0 1 2 2 1 21 8 3 
2 0 2 1 1 8 
2 0 2 1 1 2 2 0 1 1 8 8 
2 0 2 1 1 1 8 
0 2 1 1 8 8 
0 2 1 1 2 8 8 
0 2 2 1 1 1 8 8 
2 0 1 1 18 18 18 18 18 18 
2 0 1 1 20 24 14 14 13 1 1 
13 0 13 1 1 14 24 14 14 14 10 14 14 14 
Patron
0 13 10 
0 0 0 10 10 13 0 2 13 1 1 21 10 
1 1 0 13 13 1 1 13 21 1 1 1 1 1 12 15 1 1 1 1 1 1 
3 17 3 17 3 0 13 14 
Patron
2 1 20 14 21 25 14 3 
0 1 2 2 1 2 21 25 3 20 14 21 14 
2 1 2 0 2 1 21 25 20 14 21 3 14 14 1 1 1 1 3 
1 2 2 0 21 2 1 25 20 14 21 14 14 1 
0 1 2 2 2 1 21 20 10 19 24 14 14 21 8 3 8 12 3 15 3 3 3 3 3 14 21 14 14 3 25 10 11 21 10 3 21 1 1 1 21 21 13 13 13 
2 2 2 0 1 21 1 20 21 14 14 21 14 14 10 19 10 3 14 21 14 3 14 10 24 14 14 13 13 13 3 14 3 25 10 11 3 14 14 14 14 21 10 14 21 21 
2 0 2 1 1 2 21 20 14 21 3 14 21 14 21 14 3 14 14 21 10 19 11 10 25 
0 2 2 2 1 1 21 1 20 14 21 1 1 10 19 3 3 3 3 21 14 25 10 11 3 3 
2 2 1 0 2 1 21 1 1 1 1 1 1 20 14 21 12 3 15 25 3 3 14 21 16 26 
2 2 2 0 1 1 21 8 8 3 16 3 26 3 20 14 21 12 15 3 3 25 21 3 
2 0 2 1 1 20 24 14 14 19 3 14 14 12 15 16 26 
0 2 1 1 22 10 20 19 24 14 3 12 15 3 6 14 14 14 14 
Patron
2 1 1 1 
2 0 1 1 1 1 1 
2 1 2 1 0 1 
0 2 1 1 2 
2 1 2 0 1 
0 1 2 2 1 
2 2 0 1 1 
0 2 1 1 1 
2 0 1 1 2 
0 2 1 1 2 
2 1 0 2 1 
2 0 2 1 1 
0 2 2 1 1 
0 2 2 1 1 
2 0 2 1 1 
2 0 2 1 1 
2 0 2 1 1 
2 0 2 1 1 
2 2 0 1 1 
2 2 0 1 1 
2 0 2 1 1 
2 0 2 1 1 
2 0 2 1 1 
2 0 2 1 1 
0 2 2 1 1 
2 2 0 1 1 
2 0 2 1 1 
2 2 0 1 1 
2 0 2 1 1 
0 2 2 1 1 
2 2 0 1 1 
2 2 0 1 1 
2 0 2 1 1 
0 2 2 1 1 
0 2 2 1 1 
0 2 2 1 1 
2 0 2 1 1 
2 0 2 1 1 
0 2 2 1 1 
2 2 0 1 1 
2 2 0 1 1 
2 0 2 1 1 
2 0 2 1 1 
2 0 2 1 1 
0 2 2 1 1 
2 2 1 0 1 
2 2 0 1 1 
2 2 0 1 1 
2 2 0 1 1 
0 2 2 1 1 
2 0 2 1 1 
0 2 2 1 1 
2 2 0 1 1 
0 2 2 1 1 
2 0 1 1 22 
2 0 1 1 16 26 
0 2 2 1 1 16 26 
2 2 1 0 1 16 26 
Patron
2 1 1 11 3 3 14 14 14 14 14 
2 0 2 2 1 1 21 11 3 10 25 3 19 20 14 21 1 10 21 21 14 21 14 14 14 24 10 21 12 15 15 15 15 15 3 14 14 10 21 
2 0 2 1 1 1 20 10 19 14 14 14 3 3 3 3 3 12 3 15 11 3 10 3 14 14 14 14 14 14 14 14 14 14 14 14 14 14 14 
0 2 2 2 1 1 21 25 10 3 19 3 16 3 3 26 11 3 3 8 8 12 23 15 20 10 3 14 24 14 21 
0 2 2 1 1 20 14 14 14 14 24 14 19 11 10 3 14 14 14 14 10 14 14 14 16 3 26 14 14 12 15 
0 2 2 1 1 11 3 20 14 14 14 12 3 15 15 14 10 19 3 10 14 14 10 14 14 
0 2 2 1 1 20 11 3 14 14 3 3 3 12 15 3 14 15 15 14 10 19 13 0 13 14 
2 0 1 1 11 10 19 20 10 10 14 14 28 3 28 27 3 27 14 14 3 29 29 29 29 29 29 29 29 29 29 3 1 14 14 14 10 
2 0 1 1 11 28 28 3 3 20 10 19 14 14 
0 2 1 1 11 3 18 18 18 18 18 18 18 18 18 28 27 3 14 14 20 28 27 3 29 29 29 29 3 29 29 12 15 29 29 29 29 29 29 29 29 29 1 1 18 18 18 18 18 18 29 29 29 18 18 3 15 
2 0 1 1 11 3 28 3 28 20 14 14 12 15 15 3 3 15 27 3 27 18 18 18 18 18 18 18 3 18 18 18 18 18 18 18 18 3 30 3 3 3 
2 2 0 2 1 1 21 12 23 3 16 3 3 26 11 25 10 3 19 3 20 14 21 3 10 10 14 21 14 14 14 21 14 
0 2 1 1 1 28 27 20 10 19 3 8 8 3 10 14 14 12 3 3 23 28 3 27 10 3 16 3 3 26 11 10 3 
2 0 1 2 1 20 14 14 12 15 14 8 3 8 3 3 3 16 3 3 26 15 15 15 14 14 10 19 14 6 6 1 
2 2 1 2 0 1 21 16 3 3 26 20 14 21 3 10 19 3 25 3 3 11 10 12 15 6 3 8 8 
0 2 1 1 11 3 3 22 20 14 14 
0 2 1 1 11 11 3 22 20 14 
2 0 1 1 11 3 3 20 14 14 
2 0 1 1 11 3 22 20 14 
2 0 2 2 1 1 21 11 3 20 10 19 3 25 14 21 21 1 14 24 
2 2 2 0 1 1 21 1 8 3 8 25 3 10 11 3 19 20 10 12 15 10 
Patron
1 1 3 3 
0 2 1 1 3 3 
2 1 1 0 3 
0 1 1 2 3 3 
1 1 2 0 3 
0 1 1 2 3 3 3 
1 2 1 0 3 3 
0 1 1 2 3 3 
1 2 0 1 3 
0 2 2 2 1 1 21 8 3 8 11 25 10 3 
2 0 2 2 1 1 21 25 3 3 20 10 19 
2 2 0 1 1 8 3 8 3 20 
1 1 2 0 22 20 14 17 3 
0 2 1 1 3 3 3 3 1 3 11 10 3 9 10 10 14 4 4 4 4 3 5 3 5 3 7 7 12 15 3 15 3 8 3 8 
0 2 1 1 3 11 3 7 22 20 14 7 3 4 3 4 3 12 3 15 3 3 5 5 3 6 3 16 26 3 11 22 20 14 3 1 8 
0 2 1 1 11 3 4 4 4 4 4 4 3 4 4 4 4 4 4 4 4 12 3 15 5 7 22 20 10 19 5 7 13 
0 1 1 2 1 1 22 20 10 10 19 10 14 11 10 3 4 4 4 4 4 4 4 4 5 5 7 7 12 15 
2 0 2 1 1 10 11 3 19 
2 2 0 1 1 11 10 19 8 3 8 
0 1 1 2 11 3 3 
2 0 2 2 1 1 21 11 3 
Patron
2 1 1 20 14 14 19 3 
2 0 2 1 1 20 14 14 24 19 14 11 10 3 3 14 
0 2 1 1 20 10 19 24 14 14 3 31 30 31 3 30 3 3 
2 0 2 1 1 21 2 16 3 26 12 15 12 15 11 3 20 10 19 20 14 14 24 21 19 10 25 19 10 10 
0 2 2 1 1 10 11 3 3 3 19 20 14 14 14 14 12 3 15 15 3 16 26 3 13 13 14 8 
2 0 2 1 1 11 3 3 6 20 14 14 10 19 3 12 15 3 3 
2 0 2 1 1 3 3 11 20 14 14 3 3 10 19 12 3 15 0 13 13 14 
2 0 2 1 1 20 14 14 11 10 3 19 
2 0 2 1 1 20 10 14 14 19 3 14 14 
0 2 1 1 20 14 14 
0 2 1 1 22 20 14 24 
2 0 1 1 20 10 19 24 14 14 3 
2 0 2 1 1 1 1 20 24 14 14 19 
2 1 1 0 2 20 14 14 
2 0 2 1 1 20 14 14 
0 2 1 1 11 20 14 14 
2 2 1 1 0 1 20 14 14 24 19 12 15 15 
2 2 1 1 0 20 11 10 3 19 14 14 12 3 15 15 8 
0 2 2 1 2 1 21 12 23 8 8 20 14 21 15 10 11 19 
0 2 2 1 1 20 14 14 12 15 8 8 
2 0 2 1 1 20 14 14 14 12 3 15 15 
2 0 2 1 1 20 14 14 12 15 8 3 
2 0 2 1 1 11 20 14 14 8 1 8 12 15 3 13 13 14 
0 2 2 2 21 1 1 11 20 14 21 14 14 8 1 1 8 12 15 13 13 13 
1 0 2 1 1 20 14 14 1 18 18 18 18 18 18 29 29 29 29 29 29 29 29 12 15 0 13 1 1 14 14 18 18 29 29 29 29 28 3 1 1 0 1 28 
2 0 1 1 22 20 14 4 4 4 4 4 4 4 4 4 4 4 4 4 4 4 4 4 4 4 4 4 4 7 3 7 5 3 5 12 15 15 16 26 0 13 1 1 
2 0 2 1 1 20 14 14 12 23 8 8 
0 2 2 2 1 1 21 20 14 21 14 10 19 8 
2 0 2 1 1 20 8 8 3 3 10 14 14 19 
2 2 0 1 1 20 10 14 14 19 8 3 3 3 8 3 11 10 12 15 1 3 16 26 3 3 3 3 14 14 14 14 14 14 14 14 14 14 14 14 14 14 14 14 14 3 3 3 10 14 14 3 14 14 14 3 3 
0 2 2 1 1 11 3 12 3 23 3 20 14 14 14 14 10 14 19 10 8 3 8 14 16 3 26 14 14 14 14 14 14 14 14 14 14 14 14 14 14 14 14 14 10 10 10 10 10 14 14 14 14 14 14 14 14 14 3 
2 2 0 1 1 20 10 14 14 19 3 8 1 3 
0 2 2 2 1 1 21 3 20 10 19 3 8 8 
Patron
8 3 3 7 8 3 
8 3 30 3 31 3 3 
3 9 10 3 10 10 14 3 3 11 10 3 8 3 8 
8 8 1 1 1 14 14 14 14 
0 3 3 8 3 8 
0 1 1 2 3 8 8 3 3 3 7 7 
0 1 2 1 3 3 4 4 4 4 4 4 4 4 4 4 4 4 4 4 4 4 4 4 4 3 3 8 8 11 3 1 7 3 3 7 12 3 16 3 1 3 
0 2 1 1 3 3 9 10 3 10 8 3 8 3 3 11 10 4 4 7 3 7 3 12 3 16 3 
Patron
14 14 14 14 14 14 3 
3 3 20 14 14 10 14 19 14 3 11 14 14 14 3 3 12 3 15 
2 2 0 1 1 3 3 3 20 14 24 14 19 6 14 14 14 14 12 15 14 3 14 14 14 10 10 11 3 
0 2 1 1 2 20 14 14 11 10 3 19 12 15 14 3 15 14 14 14 14 23 3 3 6 6 14 3 
14 20 14 24 14 14 19 14 14 12 3 15 3 11 14 14 14 14 14 14 14 14 14 10 14 14 3 14 14 14 14 14 14 14 14 14 14 14 14 14 14 14 14 14 14 14 14 14 14 14 14 14 14 14 14 14 14 14 14 14 14 6 15 8 14 14 14 14 14 14 14 14 14 14 14 14 14 14 14 14 14 14 14 14 14 14 14 14 14 14 14 14 14 14 14 14 14 14 14 14 14 14 14 14 14 14 14 14 14 14 14 14 14 14 14 14 14 14 14 14 14 14 14 14 14 14 14 14 14 14 14 14 14 14 14 14 14 14 14 14 14 14 14 14 14 14 14 14 14 14 14 14 14 14 14 14 14 14 14 14 14 14 14 14 14 14 14 14 14 14 14 14 14 14 14 14 14 14 14 14 14 14 14 14 14 14 14 14 14 14 14 14 14 14 14 14 14 14 14 14 14 14 14 14 14 14 14 14 14 14 14 14 14 14 14 14 14 14 14 14 14 14 14 14 14 14 14 14 14 14 14 14 14 14 14 14 14 14 14 1 14 14 14 14 14 14 14 14 14 14 14 14 14 14 14 14 14 14 14 14 14 14 14 14 14 14 14 14 14 14 14 14 14 14 14 14 14 14 14 14 14 14 14 14 14 14 14 14 14 14 14 14 14 14 14 14 14 14 14 14 14 14 14 14 14 14 14 14 14 14 14 14 14 14 14 14 14 14 14 14 14 14 
2 0 1 1 20 10 19 14 14 12 15 27 3 28 27 28 3 8 10 10 10 8 3 14 14 24 14 14 3 18 18 18 18 18 18 3 18 18 18 29 29 29 29 29 29 29 29 29 29 29 29 29 29 29 29 29 29 29 3 14 14 14 14 10 18 18 18 
2 1 1 2 0 11 20 14 14 14 14 12 15 14 14 14 14 14 14 14 14 
2 2 0 1 1 11 20 14 14 12 15 3 14 14 14 14 3 
14 14 14 14 14 14 
1 14 1 14 1 14 1 14 
0 1 1 21 14 14 14 21 14 14 
13 0 1 1 14 1 14 
13 0 14 14 13 1 1 14 14 1 1 1 1 
13 0 13 21 14 14 21 14 14 14 14 21 
13 0 14 14 13 1 1 14 14 1 1 1 1 1 
13 0 1 1 14 14 14 8 20 14 14 14 14 14 14 14 14 10 19 8 
2 2 0 2 1 1 21 8 3 8 14 20 21 12 23 23 15 15 13 14 24 19 14 13 13 14 14 14 21 14 21 
Patron
1 1 1 1 1 
1 1 1 1 1 1 1 1 1 1 1 
1 1 1 1 1 
2 2 0 1 1 1 1 
0 2 1 1 2 0 
2 0 1 1 1 
0 2 2 1 1 
0 2 1 1 0 
2 1 0 2 1 
2 2 0 1 1 
2 0 1 1 2 
0 1 2 2 1 
2 0 1 1 22 
0 2 1 1 22 20 10 
2 0 2 13 1 1 21 
0 1 1 2 3 3 3 8 8 
2 2 1 0 2 1 21 8 3 
1 1 2 0 3 8 
0 2 1 1 8 3 
2 2 1 0 2 1 21 8 3 8 
0 1 1 2 3 3 3 3 8 8 
Patron
0 1 2 3 3 3 3 8 
0 1 1 2 3 3 8 3 3 3 8 
0 1 1 2 3 1 3 3 8 3 8 
0 1 1 2 1 3 3 9 14 3 3 8 3 8 
0 1 1 2 3 14 3 9 3 17 3 8 8 5 14 14 14 
0 1 1 2 3 1 8 3 8 3 
0 1 1 2 3 3 1 8 3 8 3 
0 1 1 2 3 3 11 3 3 8 3 8 
0 1 1 2 3 3 3 1 8 8 
0 1 1 2 3 8 3 3 8 3 
0 1 1 2 3 8 3 
0 1 1 2 3 8 8 3 
0 1 1 2 8 3 3 8 
0 1 1 2 3 8 8 3 
0 1 1 2 3 1 8 8 3 1 1 1 3 
0 1 2 1 3 3 8 3 8 0 11 3 3 1 
0 1 1 2 3 3 8 
0 1 2 1 3 3 3 8 3 
0 1 2 1 8 3 8 11 3 3 
0 1 1 2 3 8 8 11 3 3 7 3 3 7 5 5 9 14 14 1 3 3 14 12 3 15 3 3 6 14 3 
0 1 1 2 3 3 8 8 3 16 3 3 9 14 14 7 3 7 5 3 5 12 3 15 15 3 10 11 10 3 14 3 
0 1 2 1 3 9 14 3 3 8 3 8 3 12 15 
0 1 2 1 3 3 3 17 7 9 14 1 12 3 3 15 3 3 3 
0 1 1 2 3 9 10 14 7 3 7 5 5 3 3 11 10 3 14 3 
0 1 1 2 3 7 3 9 14 3 3 12 3 11 10 3 3 
0 1 2 1 9 10 3 3 14 3 14 14 14 14 
0 1 2 1 3 3 9 3 10 11 3 14 3 4 4 3 
Patron
2 1 1 20 10 19 13 
2 0 1 2 1 12 15 20 14 10 14 19 8 3 8 14 14 14 14 14 13 13 14 
2 2 0 1 1 3 3 8 8 20 10 14 14 19 11 3 14 14 14 14 14 1 12 3 15 
2 0 2 1 1 20 10 19 20 10 19 20 20 14 14 0 1 13 13 1 14 14 14 14 
2 0 2 1 1 1 20 14 14 12 15 10 14 19 14 14 14 13 13 0 14 
2 0 2 1 1 20 14 14 10 14 19 3 13 13 14 
2 2 2 1 1 21 0 8 8 20 10 19 10 13 13 13 10 10 10 
2 1 1 0 20 10 19 3 13 
2 0 1 1 20 10 19 1 1 13 
2 0 2 2 1 1 21 11 3 25 3 3 3 20 10 19 14 21 16 3 3 26 3 12 15 3 14 14 1 14 0 13 13 13 14 14 21 
2 2 0 1 1 20 14 14 10 19 16 26 12 15 14 1 14 14 14 3 14 1 24 14 14 14 3 3 11 14 14 1 13 0 14 13 1 1 
2 2 0 2 1 1 21 3 6 20 10 19 1 1 1 1 12 3 15 16 3 26 
0 2 2 2 1 1 21 20 14 21 11 10 3 19 10 3 3 21 12 15 3 8 8 16 3 26 
2 2 2 0 1 1 21 16 16 26 3 20 21 14 10 19 12 15 11 10 25 3 
0 2 1 1 3 3 3 6 7 5 3 22 20 10 19 8 
2 1 0 1 22 20 10 19 14 3 5 3 5 6 3 
2 0 1 1 22 3 20 10 19 
0 2 1 1 22 20 10 19 11 10 3 3 7 10 
2 0 1 1 22 20 10 19 1 11 10 3 7 7 3 3 
0 2 1 1 22 20 10 19 
0 2 1 1 22 20 10 19 14 13 1 1 
2 0 1 1 3 22 20 10 19 
2 0 1 1 1 1 22 20 10 19 24 14 
2 0 1 1 22 20 10 19 3 
Patron
2 2 21 8 
2 2 0 2 1 1 21 8 
0 2 2 2 1 21 1 
0 2 2 2 1 1 21 3 
2 2 2 0 1 1 21 3 1 
2 2 0 2 1 1 21 3 8 
2 2 2 1 1 0 21 20 14 21 3 1 6 13 8 1 
2 2 0 2 1 1 21 11 3 20 10 19 10 25 3 16 3 26 3 
1 0 1 2 2 2 21 
2 1 0 2 2 1 21 
2 0 2 2 1 21 1 
0 2 2 1 1 21 2 8 
0 2 2 2 1 1 21 6 20 14 21 10 19 3 21 14 24 14 10 13 13 21 3 3 21 11 10 25 3 8 3 8 16 3 26 
1 2 2 2 21 0 1 6 11 10 19 20 10 10 8 8 12 15 16 26 25 10 14 14 14 14 14 14 14 14 14 14 14 14 21 15 10 
