Patron
2 3 3 3 3 4 3 7 3 7 3 3 
0 1 2 1 8 3 8 3 11 3 9 14 12 15 3 16 3 7 3 7 4 3 4 5 3 5 3 14 3 6 3 4 
1 0 2 3 9 14 12 3 15 3 4 3 4 7 3 7 8 3 8 3 6 16 3 17 3 17 15 3 
0 1 2 3 11 10 3 9 3 10 3 4 3 7 8 3 8 1 10 12 3 5 10 1 13 1 
0 2 1 3 1 9 10 3 11 10 3 14 3 8 14 4 14 3 7 3 7 5 3 16 3 
0 1 2 3 4 3 7 3 6 1 3 8 3 0 1 2 3 8 3 1 9 10 8 1 3 1 3 1 
0 1 2 3 8 3 9 10 3 11 10 7 3 7 5 3 
Patron
0 2 3 3 3 14 12 15 3 14 
0 1 2 3 11 10 3 9 14 3 4 3 14 5 12 15 4 3 14 
0 1 2 9 10 3 14 3 1 3 10 14 4 3 12 3 15 4 3 
0 1 2 3 9 14 3 1 3 14 3 14 4 12 15 1 13 14 4 1 3 1 0 1 13 14 1 
0 2 1 3 4 3 5 3 9 14 3 14 5 3 4 8 3 8 3 17 12 15 13 3 
Patron
0 2 9 14 5 3 5 3 16 
0 1 2 3 4 3 1 8 9 10 11 3 14 12 15 5 3 5 7 16 3 
0 1 2 3 9 14 3 4 12 3 15 3 5 3 5 7 3 7 11 3 8 3 8 1 13 
0 1 2 1 9 14 3 7 3 7 5 3 5 12 3 15 16 3 6 11 10 3 8 3 
0 2 1 3 14 3 9 14 1 4 16 3 7 3 7 5 3 5 4 3 6 3 
Patron
0 1 2 3 3 10 11 3 
0 1 2 3 9 10 11 10 3 
0 1 2 3 9 10 3 
0 1 2 3 9 10 8 4 3 
0 1 2 3 8 3 8 9 10 
0 1 2 3 8 3 8 3 9 10 3 
0 1 2 1 3 8 3 8 9 10 
0 1 2 3 8 3 11 10 3 16 
0 1 2 3 8 3 8 3 11 10 3 4 3 7 3 7 10 1 3 1 
0 1 2 3 1 4 9 10 3 10 3 11 10 7 3 12 15 8 3 8 
0 1 2 3 4 3 9 10 3 11 3 4 3 7 3 6 3 
0 1 2 1 3 9 3 10 11 3 10 8 1 3 1 13 
0 1 2 3 8 3 8 9 10 11 3 
Patron
1 2 11 3 7 4 
1 0 2 1 11 10 3 4 7 
1 2 0 11 3 9 14 7 3 7 5 3 4 14 
0 1 2 11 3 9 14 3 7 3 7 5 3 4 3 8 3 8 
Patron
0 1 3 3 3 3 14 1 4 14 3 
0 1 2 3 9 14 3 7 5 3 4 16 3 8 17 3 14 1 
0 2 1 3 9 10 3 10 3 14 3 17 3 4 12 15 3 13 6 5 3 7 3 5 3 8 3 14 3 1 8 10 3 9 14 
0 1 2 3 5 3 6 7 3 14 9 3 10 14 3 7 4 3 12 15 3 16 3 5 
0 1 2 3 9 10 14 7 3 7 5 3 11 10 3 14 3 
0 1 2 3 9 10 3 10 3 14 10 3 10 14 5 3 12 3 15 3 6 13 14 3 14 5 14 1 14 3 1 14 10 14 8 14 4 3 14 4 17 7 3 7 3 14 17 14 6 3 14 3 14 3 
0 1 2 9 14 3 14 8 3 13 3 8 3 12 3 15 3 10 3 14 4 3 5 7 3 7 3 14 3 4 3 4 3 14 3 14 
0 1 2 3 8 3 8 3 11 3 12 15 3 9 14 
0 1 2 1 3 9 10 3 14 3 11 10 14 12 3 15 3 6 3 1 3 8 
0 1 2 1 3 4 3 8 11 3 1 7 3 7 12 3 16 3 1 3 
0 1 2 3 9 10 3 14 11 10 3 14 4 3 4 12 15 16 8 3 8 3 13 14 6 3 4 3 
0 1 2 3 9 10 3 8 3 8 11 7 3 14 3 12 15 4 3 4 1 3 
Patron
0 1 2 3 8 3 8 
0 1 2 3 4 12 15 9 14 3 1 8 3 
0 1 2 3 9 10 3 14 12 3 15 3 8 
0 1 2 1 3 9 14 3 8 3 8 3 12 15 
0 1 2 3 8 3 7 
1 0 1 2 3 8 3 8 3 1 3 7 3 1 
0 1 2 3 5 3 7 8 3 
0 1 2 3 8 3 4 
0 1 2 1 3 4 3 8 3 
0 1 2 3 8 
0 1 2 3 8 3 
0 1 2 3 8 3 
0 1 2 3 8 3 
0 1 2 3 8 3 8 
0 1 2 3 8 3 8 3 
0 1 2 3 1 8 3 8 3 
0 1 2 3 1 8 3 8 3 
0 1 2 1 3 8 3 8 
0 1 2 3 1 8 
0 1 2 8 3 8 
0 1 2 1 3 8 3 
0 1 2 1 3 1 3 8 
0 1 2 3 4 7 3 8 
0 1 2 3 8 3 6 4 3 4 3 7 3 
0 1 2 1 3 4 5 3 6 7 8 
Patron
0 1 3 1 
0 1 2 1 3 
0 1 2 1 3 
0 1 2 3 1 
1 0 1 2 3 1 3 
0 1 2 1 3 1 
0 1 2 3 5 4 
0 1 2 3 8 3 8 12 3 15 
0 1 2 3 8 3 8 12 3 15 9 10 3 
0 2 1 3 11 10 3 8 3 16 9 10 1 10 3 
0 1 2 3 1 8 3 1 8 9 10 3 9 10 3 
10 0 1 13 14 3 
