Patron
2 1 1 4 4 4 4 3 13 3 
294 776 339 
Patron
2 2 2 1 20 10 19 14 14 14 14 23 3 21 
909 827 617 800 751 671 
Patron
2 0 2 1 1 21 
493 572 925 573 760 370 324 847 927 521 468 308 
Patron
2 0 1 20 14 14 19 14 
399 623 972 514 632 861 849 809 767 
Patron
0 1 2 3 
187 62 270 277 25 80 171 199 173 4 290 1 249 11 38 50 195 30 114 240 164 
Patron
2 2 1 1 21 
512 520 599 697 934 481 973 658 662 811 513 596 538 436 643 327 536 395 369 472 566 412 
Patron
0 1 1 14 14 14 14 14 14 14 14 14 14 14 14 14 14 14 14 14 14 14 14 14 14 0 14 14 14 14 14 14 14 14 14 14 14 14 14 14 14 14 14 14 
783 380 764 649 501 396 440 826 
Patron
0 1 3 4 4 4 4 4 4 4 4 4 4 4 4 4 4 4 4 4 4 4 4 4 4 3 3 3 4 4 4 4 4 
233 31 261 177 34 118 13 184 262 226 286 16 113 146 134 910 74 
Patron
2 2 1 20 14 21 14 21 14 14 14 21 10 21 21 14 14 21 21 
828 372 952 304 710 448 858 955 575 778 808 978 734 559 656 801 570 
Patron
0 1 3 3 3 3 3 3 3 3 3 14 3 3 3 3 
194 158 260 223 231 159 211 176 243 227 131 192 147 251 
Patron
2 0 1 1 21 8 3 
988 902 529 922 835 335 338 987 516 717 371 680 718 750 
Patron
1 22 20 4 4 4 4 4 3 4 4 4 4 7 
644 614 409 665 425 924 964 315 639 531 
Patron
0 2 1 3 8 3 8 
475 145 204 833 907 709 524 534 255 419 217 479 282 737 550 406 986 786 548 330 842 
Patron
0 2 1 1 3 3 
168 963 120 796 685 156 862 235 264 530 636 982 
Patron
0 1 1 20 14 14 
967 633 661 397 416 509 612 
Patron
0 1 1 14 14 18 18 18 18 18 3 3 3 
590 417 498 638 394 941 247 148 597 336 714 635 
Patron
0 1 1 3 3 3 8 14 14 3 15 
579 88 232 259 998 877 598 463 254 496 29 100 97 398 79 160 
Patron
1 1 2 3 3 7 3 16 3 
244 54 93 210 248 32 
Patron
2 2 1 20 10 26 3 3 16 3 3 
696 456 652 670 653 897 878 916 
Patron
0 1 1 3 3 3 10 3 
167 28 212 178 297 291 52 224 292 175 45 500 664 427 44 157 278 58 47 37 96 608 674 486 707 201 
Patron
2 1 20 14 14 14 14 14 14 10 
789 314 984 625 882 757 725 947 945 918 345 349 
Patron
0 1 20 14 12 15 3 26 
814 729 532 392 663 739 896 748 810 571 375 
Patron
2 1 10 19 1 21 14 10 
738 981 361 682 303 673 799 900 746 434 935 619 311 484 
Patron
2 2 1 1 3 14 14 14 3 
866 305 540 564 740 359 793 755 366 933 618 768 
Patron
2 1 1 14 14 3 15 1 14 14 13 13 3 
732 711 452 895 969 410 769 620 869 977 889 726 
Patron
2 1 1 21 20 14 14 14 24 
868 543 555 961 508 829 459 560 558 904 906 830 374 795 544 457 
Patron
0 1 1 22 20 10 1 
784 428 601 938 299 611 444 554 443 790 595 592 515 
Patron
0 1 4 4 4 4 4 3 3 5 3 
20 229 281 181 205 269 455 17 504 0 3 33 67 238 19 274 63 65 693 563 343 272 
Patron
2 1 1 8 8 3 
850 381 526 715 469 334 853 337 642 605 898 483 774 901 367 
Patron
0 1 22 20 14 4 4 1 1 1 
576 499 432 430 899 582 
Patron
0 2 14 14 3 
873 420 727 818 836 
Patron
2 1 1 10 19 3 8 
577 837 593 471 587 950 446 318 864 492 815 816 307 621 
Patron
0 1 1 3 3 8 3 
56 2 186 35 126 119 214 218 169 135 14 69 111 27 838 730 252 202 883 155 75 657 71 197 116 196 474 179 695 129 785 57 78 368 344 266 893 288 94 848 92 365 476 89 667 
Patron
4 4 4 4 4 4 3 3 8 5 
165 106 162 163 23 491 346 
Patron
0 2 1 1 20 14 21 21 
389 393 525 622 678 547 646 603 733 414 470 735 701 992 651 782 607 
Patron
2 1 1 19 14 14 10 
879 258 604 840 384 333 461 668 503 766 754 578 831 
Patron
0 1 1 3 3 
265 144 5 309 70 630 279 317 39 122 85 53 287 46 852 954 720 99 9 845 208 765 804 920 940 691 863 439 689 137 140 81 141 295 72 125 591 415 583 426 
Patron
2 1 20 14 14 3 3 8 26 3 
378 937 983 489 860 388 627 991 569 557 744 485 745 792 323 932 429 473 510 407 562 700 634 362 995 913 884 391 807 301 356 615 980 
Patron
0 1 3 4 4 3 3 3 2 
127 91 242 76 18 102 200 7 245 83 275 263 203 98 250 64 221 124 
Patron
14 14 14 14 14 14 14 14 14 14 14 14 14 14 14 14 14 14 14 14 14 14 14 14 14 14 14 14 14 14 14 14 14 14 14 14 14 14 14 14 14 14 14 14 14 14 14 14 14 14 14 14 14 14 14 14 14 14 14 14 14 14 14 14 14 14 14 14 14 14 14 14 14 14 14 14 14 14 14 14 14 14 14 14 14 14 14 
581 553 552 881 561 465 719 363 756 919 
Patron
0 1 1 4 4 4 4 4 4 4 4 4 4 4 4 4 4 4 4 4 14 
123 170 6 182 930 433 86 207 209 61 228 296 22 273 761 90 215 267 246 172 280 225 239 
Patron
0 3 4 4 4 4 4 4 4 4 4 4 4 3 26 3 3 7 3 
865 43 285 108 84 293 128 161 283 68 
Patron
14 14 14 14 14 14 14 14 14 14 14 14 14 14 14 14 14 14 1 1 3 
138 253 528 953 645 903 802 723 556 
Patron
14 14 15 
527 219 
Patron
2 4 4 4 4 4 4 4 4 4 4 4 4 4 4 4 4 4 4 4 4 4 3 3 
234 213 713 541 341 340 728 957 411 373 698 979 690 687 
Patron
14 14 14 14 21 24 
551 494 949 
Patron
0 1 1 8 8 
464 353 929 914 588 908 376 716 580 692 944 
Patron
0 13 10 
708 257 185 
Patron
2 1 20 14 21 25 14 3 
302 654 568 567 650 867 354 905 606 451 777 
Patron
2 1 1 1 
382 358 854 702 477 994 951 310 962 747 822 817 752 480 405 753 659 928 482 408 404 332 401 759 613 319 326 823 875 364 387 681 669 565 402 626 722 926 912 360 542 609 328 974 705 535 990 997 819 350 989 911 694 923 400 497 870 
Patron
2 1 1 11 3 3 14 14 14 14 14 
424 616 946 843 462 841 803 959 422 956 794 390 731 549 971 660 421 355 677 675 
Patron
1 1 3 3 
105 49 276 289 51 150 60 220 775 672 522 939 110 985 312 624 721 763 109 736 
Patron
2 1 1 20 14 14 19 3 
921 450 316 773 844 546 320 996 519 438 874 813 637 724 300 629 787 915 824 413 770 943 942 641 386 666 347 490 788 586 589 322 
Patron
8 3 3 7 8 3 
699 142 825 191 40 12 101 
Patron
14 14 14 14 14 14 3 
856 743 960 880 806 379 423 495 149 966 331 798 965 797 917 442 
Patron
1 1 1 1 1 
679 872 683 781 762 839 352 892 533 600 505 749 445 968 284 418 241 891 706 107 
Patron
0 1 2 3 3 3 3 8 
8 174 268 189 55 41 230 48 36 59 82 10 130 103 136 139 166 121 206 104 21 132 24 133 271 222 
Patron
2 1 1 20 10 19 13 
791 871 507 628 859 780 688 684 306 894 511 523 487 348 435 342 447 812 431 686 325 449 594 
Patron
2 2 21 8 
876 846 772 321 351 640 676 821 506 742 855 545 458 
